data,stato,codice_regione,denominazione_regione,lat,long,ricoverati_con_sintomi,terapia_intensiva,totale_ospedalizzati,isolamento_domiciliare,totale_positivi,variazione_totale_positivi,nuovi_positivi,dimessi_guariti,deceduti,casi_da_sospetto_diagnostico,casi_da_screening,totale_casi,tamponi,casi_testati,note,ingressi_terapia_intensiva,note_test,note_casi
2020-02-24T18:00:00 ITA 02 Valle_d'Aosta 45.73750286 7.320149366 0 0 0 0 0 0 0 0 0   0 7     
2020-02-25T18:00:00 ITA 02 Valle_d'Aosta 45.73750286 7.320149366 0 0 0 0 0 0 0 0 0   0 7     
2020-02-26T18:00:00 ITA 02 Valle_d'Aosta 45.73750286 7.320149366 0 0 0 0 0 0 0 0 0   0 7     
2020-02-27T18:00:00 ITA 02 Valle_d'Aosta 45.73750286 7.320149366 0 0 0 0 0 0 0 0 0   0 9     
2020-02-28T18:00:00 ITA 02 Valle_d'Aosta 45.73750286 7.320149366 0 0 0 0 0 0 0 0 0   0 9     
2020-02-29T17:00:00 ITA 02 Valle_d'Aosta 45.73750286 7.320149366 0 0 0 0 0 0 0 0 0   0 9     
2020-03-01T17:00:00 ITA 02 Valle_d'Aosta 45.73750286 7.320149366 0 0 0 0 0 0 0 0 0   0 10     
2020-03-02T18:00:00 ITA 02 Valle_d'Aosta 45.73750286 7.320149366 0 0 0 0 0 0 0 0 0   0 11     
2020-03-03T18:00:00 ITA 02 Valle_d'Aosta 45.73750286 7.320149366 0 0 0 0 0 0 0 0 0   0 12     
2020-03-04T17:00:00 ITA 02 Valle_d'Aosta 45.73750286 7.320149366 0 0 0 0 0 0 0 0 0   0 15     
2020-03-05T17:00:00 ITA 02 Valle_d'Aosta 45.73750286 7.320149366 0 0 0 2 2 2 2 0 0   2 21     
2020-03-06T17:00:00 ITA 02 Valle_d'Aosta 45.73750286 7.320149366 0 0 0 7 7 5 5 0 0   7 28     
2020-03-07T18:00:00 ITA 02 Valle_d'Aosta 45.73750286 7.320149366 1 0 1 7 8 1 1 0 0   8 32     
2020-03-08T18:00:00 ITA 02 Valle_d'Aosta 45.73750286 7.320149366 1 0 1 8 9 1 1 0 0   9 41     
2020-03-09T18:00:00 ITA 02 Valle_d'Aosta 45.73750286 7.320149366 4 0 4 11 15 6 6 0 0   15 67     
2020-03-10T18:00:00 ITA 02 Valle_d'Aosta 45.73750286 7.320149366 2 0 2 15 17 2 2 0 0   17 89     
2020-03-11T17:00:00 ITA 02 Valle_d'Aosta 45.73750286 7.320149366 2 0 2 17 19 2 3 0 1   20 99     
2020-03-12T17:00:00 ITA 02 Valle_d'Aosta 45.73750286 7.320149366 7 0 7 19 26 7 7 0 1   27 118     
2020-03-13T17:00:00 ITA 02 Valle_d'Aosta 45.73750286 7.320149366 6 0 6 21 27 1 1 0 1   28 189     
2020-03-14T17:00:00 ITA 02 Valle_d'Aosta 45.73750286 7.320149366 12 0 12 29 41 14 14 0 1   42 231     
2020-03-15T17:00:00 ITA 02 Valle_d'Aosta 45.73750286 7.320149366 10 3 13 43 56 15 15 0 1   57 230     
2020-03-16T17:00:00 ITA 02 Valle_d'Aosta 45.73750286 7.320149366 28 5 33 70 103 47 48 0 2   105 287     
2020-03-17T17:00:00 ITA 02 Valle_d'Aosta 45.73750286 7.320149366 35 6 41 93 134 31 31 0 2   136 398     
2020-03-18T17:00:00 ITA 02 Valle_d'Aosta 45.73750286 7.320149366 41 3 44 118 162 28 29 0 3   165 486     
2020-03-19T17:00:00 ITA 02 Valle_d'Aosta 45.73750286 7.320149366 47 9 56 153 209 47 50 0 6   215 608     
2020-03-20T17:00:00 ITA 02 Valle_d'Aosta 45.73750286 7.320149366 54 9 63 194 257 48 49 0 7   264 814     
2020-03-21T17:00:00 ITA 02 Valle_d'Aosta 45.73750286 7.320149366 62 15 77 227 304 47 49 1 8   313 884     
2020-03-22T17:00:00 ITA 02 Valle_d'Aosta 45.73750286 7.320149366 63 21 84 270 354 50 51 1 9   364 950     
2020-03-23T17:00:00 ITA 02 Valle_d'Aosta 45.73750286 7.320149366 69 20 89 290 379 25 29 2 12   393 1098     
2020-03-24T17:00:00 ITA 02 Valle_d'Aosta 45.73750286 7.320149366 71 20 91 288 379 0 7 2 19   400 1180     
2020-03-25T17:00:00 ITA 02 Valle_d'Aosta 45.73750286 7.320149366 70 25 95 280 375 -4 1 2 24   401 1200     
2020-03-26T17:00:00 ITA 02 Valle_d'Aosta 45.73750286 7.320149366 73 24 97 281 378 3 7 2 28   408 1203     
2020-03-27T17:00:00 ITA 02 Valle_d'Aosta 45.73750286 7.320149366 91 24 115 298 413 35 44 2 37   452 1252     
2020-03-28T17:00:00 ITA 02 Valle_d'Aosta 45.73750286 7.320149366 90 26 116 352 468 55 59 2 41   511 1380     
2020-03-29T17:00:00 ITA 02 Valle_d'Aosta 45.73750286 7.320149366 90 26 116 423 539 71 73 2 43   584 1480     
2020-03-30T17:00:00 ITA 02 Valle_d'Aosta 45.73750286 7.320149366 92 26 118 400 518 -21 0 16 50   584 1536     
2020-03-31T17:00:00 ITA 02 Valle_d'Aosta 45.73750286 7.320149366 91 26 117 435 552 34 44 20 56   628 1582     
2020-04-01T17:00:00 ITA 02 Valle_d'Aosta 45.73750286 7.320149366 85 27 112 428 540 -12 3 32 59   631 1717     
2020-04-02T17:00:00 ITA 02 Valle_d'Aosta 45.73750286 7.320149366 85 25 110 446 556 16 37 49 63   668 1934     
2020-04-03T17:00:00 ITA 02 Valle_d'Aosta 45.73750286 7.320149366 85 25 110 450 560 4 51 89 70   719 2106     
2020-04-04T17:00:00 ITA 02 Valle_d'Aosta 45.73750286 7.320149366 63 23 86 474 560 0 29 106 82   748 2274     
2020-04-05T17:00:00 ITA 02 Valle_d'Aosta 45.73750286 7.320149366 96 23 119 457 576 16 34 115 91   782 2390     
2020-04-06T17:00:00 ITA 02 Valle_d'Aosta 45.73750286 7.320149366 109 21 130 437 567 -9 23 142 96   805 2590     
2020-04-07T17:00:00 ITA 02 Valle_d'Aosta 45.73750286 7.320149366 118 17 135 458 593 26 30 142 100   835 2754     
2020-04-08T17:00:00 ITA 02 Valle_d'Aosta 45.73750286 7.320149366 120 20 140 466 606 13 15 142 102   850 2953     
2020-04-09T17:00:00 ITA 02 Valle_d'Aosta 45.73750286 7.320149366 118 18 136 473 609 3 18 154 105   868 3142     
2020-04-10T17:00:00 ITA 02 Valle_d'Aosta 45.73750286 7.320149366 131 16 147 455 602 -7 11 170 107   879 3328     
2020-04-11T17:00:00 ITA 02 Valle_d'Aosta 45.73750286 7.320149366 118 17 135 455 590 -12 23 205 107   902 3464     
2020-04-12T17:00:00 ITA 02 Valle_d'Aosta 45.73750286 7.320149366 109 16 125 463 588 -2 19 221 112   921 3510     
2020-04-13T17:00:00 ITA 02 Valle_d'Aosta 45.73750286 7.320149366 109 15 124 458 582 -6 6 230 115   927 3614     
2020-04-14T17:00:00 ITA 02 Valle_d'Aosta 45.73750286 7.320149366 112 14 126 433 559 -23 20 270 118   947 3726     
2020-04-15T17:00:00 ITA 02 Valle_d'Aosta 45.73750286 7.320149366 112 11 123 425 548 -11 11 289 121   958 3894     
2020-04-16T17:00:00 ITA 02 Valle_d'Aosta 45.73750286 7.320149366 105 12 117 401 518 -30 13 331 122   971 4159     
2020-04-17T17:00:00 ITA 02 Valle_d'Aosta 45.73750286 7.320149366 108 9 117 374 491 -27 22 379 123   993 4366     
2020-04-18T17:00:00 ITA 02 Valle_d'Aosta 45.73750286 7.320149366 107 10 117 432 549 58 80 400 124   1073 4521     
2020-04-19T17:00:00 ITA 02 Valle_d'Aosta 45.73750286 7.320149366 102 10 112 450 562 13 15 401 125   1088 4677 3802    
2020-04-20T17:00:00 ITA 02 Valle_d'Aosta 45.73750286 7.320149366 102 8 110 438 548 -14 0 413 127   1088 4799 3910    
2020-04-21T17:00:00 ITA 02 Valle_d'Aosta 45.73750286 7.320149366 99 8 107 415 522 -26 5 445 126   1093 4911 3969    
2020-04-22T17:00:00 ITA 02 Valle_d'Aosta 45.73750286 7.320149366 92 8 100 401 501 -21 2 467 127   1095 5024 4011    
2020-04-23T17:00:00 ITA 02 Valle_d'Aosta 45.73750286 7.320149366 91 9 100 363 463 -38 1 506 127   1096 5227 4133    
2020-04-24T17:00:00 ITA 02 Valle_d'Aosta 45.73750286 7.320149366 88 7 95 259 354 -109 4 617 129   1100 5262 4454    
2020-04-25T17:00:00 ITA 02 Valle_d'Aosta 45.73750286 7.320149366 83 6 89 224 313 -41 0 657 130   1100 5966 4694    
2020-04-26T17:00:00 ITA 02 Valle_d'Aosta 45.73750286 7.320149366 82 7 89 165 254 -59 6 721 131   1106 6135 4624 dc-IT-0012   
2020-04-27T17:00:00 ITA 02 Valle_d'Aosta 45.73750286 7.320149366 86 7 93 142 235 -19 5 743 133   1111 6551 4873    
2020-04-28T17:00:00 ITA 02 Valle_d'Aosta 45.73750286 7.320149366 81 5 86 123 209 -26 8 775 135   1119 6897 5069    
2020-04-29T17:00:00 ITA 02 Valle_d'Aosta 45.73750286 7.320149366 78 5 83 52 135 -74 5 852 137   1124 7181 5337    
2020-04-30T17:00:00 ITA 02 Valle_d'Aosta 45.73750286 7.320149366 76 4 80 9 89 -46 4 902 137   1128 7631 5647    
2020-05-01T17:00:00 ITA 02 Valle_d'Aosta 45.73750286 7.320149366 72 3 75 17 92 3 5 904 137   1133 7769 5818    
2020-05-02T17:00:00 ITA 02 Valle_d'Aosta 45.73750286 7.320149366 70 3 73 25 98 6 3 901 137   1136 7951 5931    
2020-05-03T17:00:00 ITA 02 Valle_d'Aosta 45.73750286 7.320149366 74 2 76 33 109 11 6 895 138   1142 8100 6046    
2020-05-04T17:00:00 ITA 02 Valle_d'Aosta 45.73750286 7.320149366 74 2 76 34 110 1 1 894 139   1143 8271 6200    
2020-05-05T17:00:00 ITA 02 Valle_d'Aosta 45.73750286 7.320149366 56 3 59 51 110 0 0 894 139   1143 8484 6342    
2020-05-06T17:00:00 ITA 02 Valle_d'Aosta 45.73750286 7.320149366 50 3 53 74 127 17 3 880 139   1146 8640 6461    
2020-05-07T17:00:00 ITA 02 Valle_d'Aosta 45.73750286 7.320149366 49 2 51 79 130 3 4 881 139   1150 8939 6702    
2020-05-08T17:00:00 ITA 02 Valle_d'Aosta 45.73750286 7.320149366 45 2 47 76 123 -7 1 889 139   1151 9280 6999    
2020-05-09T17:00:00 ITA 02 Valle_d'Aosta 45.73750286 7.320149366 45 3 48 70 118 -5 1 895 139   1152 9443 7130    
2020-05-10T17:00:00 ITA 02 Valle_d'Aosta 45.73750286 7.320149366 46 2 48 65 113 -5 5 905 139   1157 9833 7467    
2020-05-11T17:00:00 ITA 02 Valle_d'Aosta 45.73750286 7.320149366 44 1 45 62 107 -6 1 912 139   1158 10063 7651    
2020-05-12T17:00:00 ITA 02 Valle_d'Aosta 45.73750286 7.320149366 45 0 45 59 104 -3 2 916 140   1160 10415 7956    
2020-05-13T17:00:00 ITA 02 Valle_d'Aosta 45.73750286 7.320149366 38 0 38 55 93 -11 3 929 141   1163 10777 8254    
2020-05-14T17:00:00 ITA 02 Valle_d'Aosta 45.73750286 7.320149366 38 0 38 42 80 -13 3 945 141   1166 11100 8537    
2020-05-15T17:00:00 ITA 02 Valle_d'Aosta 45.73750286 7.320149366 37 0 37 40 77 -3 6 953 142   1172 11413 8814    
2020-05-16T17:00:00 ITA 02 Valle_d'Aosta 45.73750286 7.320149366 33 0 33 42 75 -2 1 956 142   1173 11835 9181    
2020-05-17T17:00:00 ITA 02 Valle_d'Aosta 45.73750286 7.320149366 31 0 31 37 68 -7 0 962 143   1173 12169 9469    
2020-05-18T17:00:00 ITA 02 Valle_d'Aosta 45.73750286 7.320149366 30 0 30 30 60 -8 1 971 143   1174 12327 9595    
2020-05-19T17:00:00 ITA 02 Valle_d'Aosta 45.73750286 7.320149366 26 1 27 22 49 -11 1 983 143   1175 12663 9862    
2020-05-20T17:00:00 ITA 02 Valle_d'Aosta 45.73750286 7.320149366 25 1 26 20 46 -3 0 986 143   1175 12920 10079    
2020-05-21T17:00:00 ITA 02 Valle_d'Aosta 45.73750286 7.320149366 26 1 27 16 43 -3 1 990 143   1176 13261 10380    
2020-05-22T17:00:00 ITA 02 Valle_d'Aosta 45.73750286 7.320149366 22 2 24 19 43 0 1 991 143   1177 13531 10607    
2020-05-23T17:00:00 ITA 02 Valle_d'Aosta 45.73750286 7.320149366 23 2 25 10 35 -8 0 999 143   1177 13828 10858    
2020-05-24T17:00:00 ITA 02 Valle_d'Aosta 45.73750286 7.320149366 23 1 24 8 32 -3 1 1003 143   1178 14079 11035    
2020-05-25T17:00:00 ITA 02 Valle_d'Aosta 45.73750286 7.320149366 19 1 20 13 33 1 1 1003 143   1179 14175 11123    
2020-05-26T17:00:00 ITA 02 Valle_d'Aosta 45.73750286 7.320149366 17 1 18 13 31 -2 2 1007 143   1181 14262 11190    
2020-05-27T17:00:00 ITA 02 Valle_d'Aosta 45.73750286 7.320149366 17 1 18 9 27 -4 0 1011 143   1181 14459 11322    
2020-05-28T17:00:00 ITA 02 Valle_d'Aosta 45.73750286 7.320149366 16 0 16 7 23 -4 1 1016 143   1182 14653 11487    
2020-05-29T17:00:00 ITA 02 Valle_d'Aosta 45.73750286 7.320149366 12 0 12 7 19 -4 0 1020 143   1182 14759 11572    
2020-05-30T17:00:00 ITA 02 Valle_d'Aosta 45.73750286 7.320149366 13 0 13 4 17 -2 1 1023 143   1183 14972 11741    
2020-05-31T17:00:00 ITA 02 Valle_d'Aosta 45.73750286 7.320149366 12 0 12 3 15 -2 1 1026 143   1184 15203 11926    
2020-06-01T17:00:00 ITA 02 Valle_d'Aosta 45.73750286 7.320149366 11 0 11 6 17 2 3 1027 143   1187 15230 11950    
2020-06-02T17:00:00 ITA 02 Valle_d'Aosta 45.73750286 7.320149366 10 0 10 3 13 -4 0 1031 143   1187 15327 12027    
2020-06-03T17:00:00 ITA 02 Valle_d'Aosta 45.73750286 7.320149366 9 0 9 4 13 0 0 1031 143   1187 15413 12084    
2020-06-04T17:00:00 ITA 02 Valle_d'Aosta 45.73750286 7.320149366 9 0 9 1 10 -3 0 1034 143   1187 15512 12156    
2020-06-05T17:00:00 ITA 02 Valle_d'Aosta 45.73750286 7.320149366 9 0 9 1 10 0 0 1034 143   1187 15587 12200    
2020-06-06T17:00:00 ITA 02 Valle_d'Aosta 45.73750286 7.320149366 7 0 7 5 12 2 2 1033 144   1189 15730 12289    
2020-06-07T17:00:00 ITA 02 Valle_d'Aosta 45.73750286 7.320149366 6 0 6 3 9 -3 2 1038 144   1191 15905 12335    
2020-06-08T17:00:00 ITA 02 Valle_d'Aosta 45.73750286 7.320149366 7 0 7 1 8 -1 0 1039 144   1191 15910 12385    
2020-06-09T17:00:00 ITA 02 Valle_d'Aosta 45.73750286 7.320149366 7 0 7 1 8 0 0 1039 144   1191 16040 12436    
2020-06-10T17:00:00 ITA 02 Valle_d'Aosta 45.73750286 7.320149366 3 0 3 3 6 -2 0 1041 144   1191 16141 12502    
2020-06-11T17:00:00 ITA 02 Valle_d'Aosta 45.73750286 7.320149366 6 0 6 0 6 0 0 1041 144   1191 16268 12606    
2020-06-12T17:00:00 ITA 02 Valle_d'Aosta 45.73750286 7.320149366 6 0 6 3 9 3 0 1038 144   1191 16374 12671    
2020-06-13T17:00:00 ITA 02 Valle_d'Aosta 45.73750286 7.320149366 7 0 7 0 7 -2 0 1040 144   1191 16476 12736    
2020-06-14T17:00:00 ITA 02 Valle_d'Aosta 45.73750286 7.320149366 7 0 7 0 7 0 0 1040 144   1191 16597 12806    
2020-06-15T17:00:00 ITA 02 Valle_d'Aosta 45.73750286 7.320149366 7 0 7 5 12 5 0 1035 144   1191 16650 12829    
2020-06-16T17:00:00 ITA 02 Valle_d'Aosta 45.73750286 7.320149366 6 0 6 4 10 -2 0 1037 144   1191 16764 12907    
2020-06-17T17:00:00 ITA 02 Valle_d'Aosta 45.73750286 7.320149366 5 0 5 3 8 -2 0 1039 144   1191 16918 12996    
2020-06-18T17:00:00 ITA 02 Valle_d'Aosta 45.73750286 7.320149366 5 0 5 1 6 -2 0 1040 145   1191 17057 13097    
2020-06-19T17:00:00 ITA 02 Valle_d'Aosta 45.73750286 7.320149366 4 0 4 0 4 -2 0 1041 146   1191 17183 13182    
2020-06-20T17:00:00 ITA 02 Valle_d'Aosta 45.73750286 7.320149366 4 0 4 2 6 2 2 1041 146   1193 17297 13234    
2020-06-21T17:00:00 ITA 02 Valle_d'Aosta 45.73750286 7.320149366 4 0 4 1 5 -1 0 1042 146   1193 17392 13294    
2020-06-22T17:00:00 ITA 02 Valle_d'Aosta 45.73750286 7.320149366 4 0 4 1 5 0 0 1042 146   1193 18239 13294    
2020-06-23T17:00:00 ITA 02 Valle_d'Aosta 45.73750286 7.320149366 3 0 3 2 5 0 0 1042 146   1193 17589 13474 dc-IT-0068   
2020-06-24T17:00:00 ITA 02 Valle_d'Aosta 45.73750286 7.320149366 3 0 3 3 6 1 1 1042 146   1194 17700 13497    
2020-06-25T17:00:00 ITA 02 Valle_d'Aosta 45.73750286 7.320149366 2 0 2 3 5 -1 0 1043 146 1084 110 1194 17848 13560    
2020-06-26T17:00:00 ITA 02 Valle_d'Aosta 45.73750286 7.320149366 2 0 2 2 4 -1 0 1044 146 1083 111 1194 17941 13610    
2020-06-27T17:00:00 ITA 02 Valle_d'Aosta 45.73750286 7.320149366 2 0 2 2 4 0 0 1044 146 1083 111 1194 17988 13635    
2020-06-28T17:00:00 ITA 02 Valle_d'Aosta 45.73750286 7.320149366 3 0 3 1 4 0 0 1044 146 1083 111 1194 18062 13681    
2020-06-29T17:00:00 ITA 02 Valle_d'Aosta 45.73750286 7.320149366 3 0 3 0 3 -1 0 1045 146 1083 111 1194 18148 13734    
2020-06-30T17:00:00 ITA 02 Valle_d'Aosta 45.73750286 7.320149366 4 0 4 0 4 1 1 1045 146 1083 112 1195 18263 13805    
2020-07-01T17:00:00 ITA 02 Valle_d'Aosta 45.73750286 7.320149366 2 0 2 1 3 -1 0 1046 146 1083 112 1195 18414 13892    
2020-07-02T17:00:00 ITA 02 Valle_d'Aosta 45.73750286 7.320149366 2 0 2 1 3 0 0 1046 146 1081 114 1195 18479 13911    
2020-07-03T17:00:00 ITA 02 Valle_d'Aosta 45.73750286 7.320149366 3 0 3 1 4 1 1 1046 146 1082 114 1196 18576 13966    
2020-07-04T17:00:00 ITA 02 Valle_d'Aosta 45.73750286 7.320149366 3 0 3 1 4 0 0 1046 146 1082 114 1196 18650 14000    
2020-07-05T17:00:00 ITA 02 Valle_d'Aosta 45.73750286 7.320149366 4 0 4 1 5 1 0 1045 146 1082 114 1196 18707 14039    
2020-07-06T17:00:00 ITA 02 Valle_d'Aosta 45.73750286 7.320149366 4 0 4 1 5 0 0 1045 146 1082 114 1196 18807 14101    
2020-07-07T17:00:00 ITA 02 Valle_d'Aosta 45.73750286 7.320149366 4 0 4 1 5 0 0 1045 146 1082 114 1196 18869 14138    
2020-07-08T17:00:00 ITA 02 Valle_d'Aosta 45.73750286 7.320149366 4 0 4 1 5 0 0 1045 146 1082 114 1196 19052 14235    
2020-07-09T17:00:00 ITA 02 Valle_d'Aosta 45.73750286 7.320149366 4 0 4 1 5 0 0 1045 146 1079 117 1196 19246 14304    
2020-07-10T17:00:00 ITA 02 Valle_d'Aosta 45.73750286 7.320149366 4 0 4 1 5 0 0 1045 146 1079 117 1196 19327 14342    
2020-07-11T17:00:00 ITA 02 Valle_d'Aosta 45.73750286 7.320149366 2 0 2 1 3 -2 0 1047 146 1079 117 1196 19409 14405    
2020-07-12T17:00:00 ITA 02 Valle_d'Aosta 45.73750286 7.320149366 2 0 2 1 3 0 0 1047 146 1079 117 1196 19497 14500    
2020-07-13T17:00:00 ITA 02 Valle_d'Aosta 45.73750286 7.320149366 2 0 2 1 3 0 0 1047 146 1079 117 1196 19599 14554    
2020-07-14T17:00:00 ITA 02 Valle_d'Aosta 45.73750286 7.320149366 3 0 3 1 4 1 0 1046 146 1079 117 1196 19707 14621    
2020-07-15T17:00:00 ITA 02 Valle_d'Aosta 45.73750286 7.320149366 1 0 1 1 2 -2 0 1048 146 1079 117 1196 19824 14702    
2020-07-16T17:00:00 ITA 02 Valle_d'Aosta 45.73750286 7.320149366 1 0 1 1 2 0 0 1048 146 1079 117 1196 19915 14736    
2020-07-17T17:00:00 ITA 02 Valle_d'Aosta 45.73750286 7.320149366 2 0 2 0 2 0 0 1048 146 1079 117 1196 20023 14770    
2020-07-18T17:00:00 ITA 02 Valle_d'Aosta 45.73750286 7.320149366 2 0 2 0 2 0 0 1048 146 1079 117 1196 20104 14826    
2020-07-19T17:00:00 ITA 02 Valle_d'Aosta 45.73750286 7.320149366 2 0 2 1 3 1 0 1047 146 1079 117 1196 20190 14892    
2020-07-20T17:00:00 ITA 02 Valle_d'Aosta 45.73750286 7.320149366 1 0 1 0 1 -2 0 1049 146 1079 117 1196 20270 14947    
2020-07-21T17:00:00 ITA 02 Valle_d'Aosta 45.73750286 7.320149366 1 0 1 0 1 0 0 1049 146 1079 117 1196 20380 15007    
2020-07-22T17:00:00 ITA 02 Valle_d'Aosta 45.73750286 7.320149366 1 0 1 0 1 0 0 1049 146 1079 117 1196 20539 15112    
2020-07-23T17:00:00 ITA 02 Valle_d'Aosta 45.73750286 7.320149366 1 0 1 0 1 0 0 1049 146 1079 117 1196 20668 15131    
2020-07-24T17:00:00 ITA 02 Valle_d'Aosta 45.73750286 7.320149366 1 0 1 0 1 0 0 1049 146 1079 117 1196 20745 15168    
2020-07-25T17:00:00 ITA 02 Valle_d'Aosta 45.73750286 7.320149366 1 0 1 0 1 0 0 1049 146 1079 117 1196 20776 15193    
2020-07-26T17:00:00 ITA 02 Valle_d'Aosta 45.73750286 7.320149366 1 0 1 0 1 0 0 1049 146 1079 117 1196 20875 15254    
2020-07-27T17:00:00 ITA 02 Valle_d'Aosta 45.73750286 7.320149366 1 0 1 0 1 0 0 1049 146 1079 117 1196 20977 15320    
2020-07-28T17:00:00 ITA 02 Valle_d'Aosta 45.73750286 7.320149366 1 0 1 10 11 10 10 1049 146 1088 118 1206 21176 15399    
2020-07-29T17:00:00 ITA 02 Valle_d'Aosta 45.73750286 7.320149366 1 0 1 12 13 2 2 1049 146 1090 118 1208 21287 15465    
2020-07-30T17:00:00 ITA 02 Valle_d'Aosta 45.73750286 7.320149366 1 0 1 11 12 -1 0 1050 146 1090 118 1208 21408 15516    
2020-07-31T17:00:00 ITA 02 Valle_d'Aosta 45.73750286 7.320149366 1 0 1 11 12 0 0 1050 146 1090 118 1208 21532 15574    
2020-08-01T17:00:00 ITA 02 Valle_d'Aosta 45.73750286 7.320149366 1 0 1 11 12 0 0 1050 146 1090 118 1208 21588 15609    
2020-08-02T17:00:00 ITA 02 Valle_d'Aosta 45.73750286 7.320149366 1 0 1 12 13 1 1 1050 146 1074 135 1209 21699 15680    
2020-08-03T17:00:00 ITA 02 Valle_d'Aosta 45.73750286 7.320149366 1 0 1 12 13 0 0 1050 146 1074 135 1209 21788 15732    
2020-08-04T17:00:00 ITA 02 Valle_d'Aosta 45.73750286 7.320149366 1 0 1 12 13 0 0 1050 146 1091 118 1209 21925 15819    
2020-08-05T17:00:00 ITA 02 Valle_d'Aosta 45.73750286 7.320149366 1 0 1 11 12 -1 0 1051 146 1091 118 1209 21983 15855    
2020-08-06T17:00:00 ITA 02 Valle_d'Aosta 45.73750286 7.320149366 1 0 1 12 13 1 1 1051 146 1092 118 1210 22165 15940    
2020-08-07T17:00:00 ITA 02 Valle_d'Aosta 45.73750286 7.320149366 5 0 5 12 17 4 4 1051 146 1096 118 1214 22230 15985    
2020-08-08T17:00:00 ITA 02 Valle_d'Aosta 45.73750286 7.320149366 5 0 5 14 19 2 2 1051 146 1098 118 1216 22340 16048    
2020-08-09T17:00:00 ITA 02 Valle_d'Aosta 45.73750286 7.320149366 5 0 5 9 14 -5 0 1056 146 1098 118 1216 22438 16120    
2020-08-10T17:00:00 ITA 02 Valle_d'Aosta 45.73750286 7.320149366 5 0 5 10 15 1 1 1056 146 1099 118 1217 22524 16161    
2020-08-11T17:00:00 ITA 02 Valle_d'Aosta 45.73750286 7.320149366 5 0 5 10 15 0 0 1056 146 1099 118 1217 22631 16228    
2020-08-12T17:00:00 ITA 02 Valle_d'Aosta 45.73750286 7.320149366 5 0 5 10 15 0 0 1056 146 1099 118 1217 22839 16342    
2020-08-13T17:00:00 ITA 02 Valle_d'Aosta 45.73750286 7.320149366 3 0 3 11 14 -1 0 1057 146 1099 118 1217 22938 16397    
2020-08-14T17:00:00 ITA 02 Valle_d'Aosta 45.73750286 7.320149366 3 0 3 10 13 -1 0 1058 146 1099 118 1217 23056 16436    
2020-08-15T17:00:00 ITA 02 Valle_d'Aosta 45.73750286 7.320149366 2 0 2 9 11 -2 0 1060 146 1099 118 1217 23166 16512    
2020-08-16T17:00:00 ITA 02 Valle_d'Aosta 45.73750286 7.320149366 2 0 2 7 9 -2 0 1062 146 1099 118 1217 23221 16543    
2020-08-17T17:00:00 ITA 02 Valle_d'Aosta 45.73750286 7.320149366 1 0 1 7 8 -1 1 1064 146 1100 118 1218 23366 16635    
2020-08-18T17:00:00 ITA 02 Valle_d'Aosta 45.73750286 7.320149366 1 0 1 7 8 0 0 1064 146 1100 118 1218 23451 16690    
2020-08-19T17:00:00 ITA 02 Valle_d'Aosta 45.73750286 7.320149366 1 0 1 9 10 2 2 1064 146 1102 118 1220 23634 16823    
2020-08-20T17:00:00 ITA 02 Valle_d'Aosta 45.73750286 7.320149366 1 0 1 10 11 1 1 1064 146 1103 118 1221 23753 16893    
2020-08-21T17:00:00 ITA 02 Valle_d'Aosta 45.73750286 7.320149366 1 0 1 10 11 0 0 1064 146 1103 118 1221 23832 16942    
2020-08-22T17:00:00 ITA 02 Valle_d'Aosta 45.73750286 7.320149366 1 0 1 10 11 0 0 1064 146 1103 118 1221 23907 16988    
2020-08-23T17:00:00 ITA 02 Valle_d'Aosta 45.73750286 7.320149366 1 0 1 10 11 0 0 1064 146 1103 118 1221 24082 17117    
2020-08-24T17:00:00 ITA 02 Valle_d'Aosta 45.73750286 7.320149366 1 0 1 10 11 0 0 1064 146 1103 118 1221 24123 17141    
2020-08-25T17:00:00 ITA 02 Valle_d'Aosta 45.73750286 7.320149366 1 0 1 12 13 2 2 1064 146 1104 119 1223 24230 17211    
2020-08-26T17:00:00 ITA 02 Valle_d'Aosta 45.73750286 7.320149366 0 0 0 12 12 -1 0 1065 146 1104 119 1223 24438 17328    
2020-08-27T17:00:00 ITA 02 Valle_d'Aosta 45.73750286 7.320149366 0 0 0 13 13 1 1 1065 146 1105 119 1224 24538 17385    
2020-08-28T17:00:00 ITA 02 Valle_d'Aosta 45.73750286 7.320149366 1 0 1 14 15 2 2 1065 146 1106 120 1226 24628 17429    
2020-08-29T17:00:00 ITA 02 Valle_d'Aosta 45.73750286 7.320149366 1 0 1 18 19 4 4 1065 146 1108 122 1230 24678 17463    
2020-08-30T17:00:00 ITA 02 Valle_d'Aosta 45.73750286 7.320149366 2 0 2 21 23 4 2 1063 146 1108 124 1232 24783 17533    
2020-08-31T17:00:00 ITA 02 Valle_d'Aosta 45.73750286 7.320149366 2 0 2 29 31 8 9 1064 146 1115 126 1241 24893 17602    
2020-09-01T17:00:00 ITA 02 Valle_d'Aosta 45.73750286 7.320149366 3 0 3 27 30 -1 0 1065 146 1115 126 1241 25057 17699    
2020-09-02T17:00:00 ITA 02 Valle_d'Aosta 45.73750286 7.320149366 3 0 3 29 32 2 2 1065 146 1117 126 1243 25209 17785    
2020-09-03T17:00:00 ITA 02 Valle_d'Aosta 45.73750286 7.320149366 3 0 3 33 36 4 4 1065 146 1119 128 1247 25341 17863    
2020-09-04T17:00:00 ITA 02 Valle_d'Aosta 45.73750286 7.320149366 2 0 2 33 35 -1 2 1068 146 1119 130 1249 25417 17904    
2020-09-05T17:00:00 ITA 02 Valle_d'Aosta 45.73750286 7.320149366 1 0 1 33 34 -1 0 1069 146 1119 130 1249 25492 17954    
2020-09-06T17:00:00 ITA 02 Valle_d'Aosta 45.73750286 7.320149366 1 0 1 33 34 0 0 1069 146 1119 130 1249 25578 18011    
2020-09-07T17:00:00 ITA 02 Valle_d'Aosta 45.73750286 7.320149366 1 0 1 33 34 0 0 1069 146 1119 130 1249 25724 18111    
2020-09-08T17:00:00 ITA 02 Valle_d'Aosta 45.73750286 7.320149366 2 0 2 37 39 5 5 1069 146 1123 131 1254 25858 18188    
2020-09-09T17:00:00 ITA 02 Valle_d'Aosta 45.73750286 7.320149366 2 0 2 32 34 -5 0 1074 146 1123 131 1254 25970 18254    
2020-09-10T17:00:00 ITA 02 Valle_d'Aosta 45.73750286 7.320149366 2 0 2 29 31 -3 0 1077 146 1123 131 1254 26128 18332    
2020-09-11T17:00:00 ITA 02 Valle_d'Aosta 45.73750286 7.320149366 2 0 2 31 33 2 3 1078 146 1126 131 1257 26188 18368    
2020-09-12T17:00:00 ITA 02 Valle_d'Aosta 45.73750286 7.320149366 3 0 3 31 34 1 1 1078 146 1127 131 1258 26294 18424    
2020-09-13T17:00:00 ITA 02 Valle_d'Aosta 45.73750286 7.320149366 3 0 3 33 36 2 2 1078 146 1129 131 1260 26489 18539    
2020-09-14T17:00:00 ITA 02 Valle_d'Aosta 45.73750286 7.320149366 3 1 4 35 39 3 3 1078 146 1132 131 1263 26528 18560    
2020-09-15T17:00:00 ITA 02 Valle_d'Aosta 45.73750286 7.320149366 5 0 5 37 42 3 3 1078 146 1135 131 1266 26698 18657    
2020-09-16T17:00:00 ITA 02 Valle_d'Aosta 45.73750286 7.320149366 5 0 5 37 42 0 1 1079 146 1137 130 1267 26835 18731    
2020-09-17T17:00:00 ITA 02 Valle_d'Aosta 45.73750286 7.320149366 5 0 5 36 41 -1 1 1081 146 1138 130 1268 27108 18904    
2020-09-18T17:00:00 ITA 02 Valle_d'Aosta 45.73750286 7.320149366 6 0 6 43 49 8 8 1081 146 1146 130 1276 27190 18953    
2020-09-19T17:00:00 ITA 02 Valle_d'Aosta 45.73750286 7.320149366 6 0 6 42 48 -1 0 1082 146 1146 130 1276 27415 19040    
2020-09-20T17:00:00 ITA 02 Valle_d'Aosta 45.73750286 7.320149366 4 0 4 47 51 3 3 1082 146 1149 130 1279 27591 19140    
2020-09-21T17:00:00 ITA 02 Valle_d'Aosta 45.73750286 7.320149366 3 0 3 45 48 -3 2 1087 146 1151 130 1281 27715 19210    
2020-09-22T17:00:00 ITA 02 Valle_d'Aosta 45.73750286 7.320149366 4 0 4 45 49 1 1 1087 146 1152 130 1282 27872 19320    
2020-09-23T17:00:00 ITA 02 Valle_d'Aosta 45.73750286 7.320149366 4 0 4 54 58 9 2 1080 146 1154 130 1284 27977 19381    
2020-09-24T17:00:00 ITA 02 Valle_d'Aosta 45.73750286 7.320149366 3 0 3 53 56 -2 3 1085 146 1157 130 1287 28232 19525    
2020-09-25T17:00:00 ITA 02 Valle_d'Aosta 45.73750286 7.320149366 3 0 3 52 55 -1 1 1087 146 1158 130 1288 28332 19587    
2020-09-26T17:00:00 ITA 02 Valle_d'Aosta 45.73750286 7.320149366 3 0 3 63 66 11 11 1087 146 1168 131 1299 28484 19697    
2020-09-27T17:00:00 ITA 02 Valle_d'Aosta 45.73750286 7.320149366 3 0 3 63 66 0 0 1087 146 1168 131 1299 28662 19826    
2020-09-28T17:00:00 ITA 02 Valle_d'Aosta 45.73750286 7.320149366 3 0 3 62 65 -1 1 1089 146 1169 131 1300 28765 19888    
2020-09-29T17:00:00 ITA 02 Valle_d'Aosta 45.73750286 7.320149366 4 0 4 65 69 4 8 1093 146 1176 132 1308 28926 19979    
2020-09-30T17:00:00 ITA 02 Valle_d'Aosta 45.73750286 7.320149366 6 0 6 69 75 6 6 1093 146 1181 133 1314 29126 20125    
2020-10-01T17:00:00 ITA 02 Valle_d'Aosta 45.73750286 7.320149366 7 0 7 62 69 -6 1 1100 146 1182 133 1315 29380 20265    
2020-10-02T17:00:00 ITA 02 Valle_d'Aosta 45.73750286 7.320149366 8 0 8 69 77 8 11 1103 146 1190 136 1326 29534 20378    
2020-10-03T17:00:00 ITA 02 Valle_d'Aosta 45.73750286 7.320149366 7 0 7 68 75 -2 0 1105 146 1190 136 1326 29667 20476    
2020-10-04T17:00:00 ITA 02 Valle_d'Aosta 45.73750286 7.320149366 6 0 6 75 81 6 7 1106 146 1197 136 1333 29842 20588    
2020-10-05T17:00:00 ITA 02 Valle_d'Aosta 45.73750286 7.320149366 6 1 7 86 93 12 13 1107 146 1209 137 1346 29980 20687    
2020-10-06T17:00:00 ITA 02 Valle_d'Aosta 45.73750286 7.320149366 5 1 6 87 93 0 5 1112 146 1214 137 1351 30131 20774    
2020-10-07T17:00:00 ITA 02 Valle_d'Aosta 45.73750286 7.320149366 4 1 5 102 107 14 15 1113 146 1227 139 1366 30395 20931    
2020-10-08T17:00:00 ITA 02 Valle_d'Aosta 45.73750286 7.320149366 4 1 5 117 122 15 18 1116 146 1244 140 1384 30644 21086    
2020-10-09T17:00:00 ITA 02 Valle_d'Aosta 45.73750286 7.320149366 4 2 6 133 139 17 18 1117 146 1262 140 1402 30804 21200    
2020-10-10T17:00:00 ITA 02 Valle_d'Aosta 45.73750286 7.320149366 6 3 9 171 180 41 44 1120 146 1304 142 1446 31033 21356    
2020-10-11T17:00:00 ITA 02 Valle_d'Aosta 45.73750286 7.320149366 8 3 11 186 197 17 18 1121 146 1320 144 1464 31273 21530    
2020-10-12T17:00:00 ITA 02 Valle_d'Aosta 45.73750286 7.320149366 9 3 12 213 225 28 32 1125 146 1352 144 1496 31492 21680    
2020-10-13T17:00:00 ITA 02 Valle_d'Aosta 45.73750286 7.320149366 11 3 14 244 258 33 33 1125 146 1383 146 1529 31763 21861    
2020-10-14T17:00:00 ITA 02 Valle_d'Aosta 45.73750286 7.320149366 13 3 16 279 295 37 37 1125 146 1415 151 1566 32021 21997    
2020-10-15T17:00:00 ITA 02 Valle_d'Aosta 45.73750286 7.320149366 14 3 17 343 360 65 67 1127 146 1472 161 1633 32441 22227    
2020-10-16T17:00:00 ITA 02 Valle_d'Aosta 45.73750286 7.320149366 13 4 17 365 382 22 27 1132 146 1499 161 1660 32618 22334    
2020-10-17T17:00:00 ITA 02 Valle_d'Aosta 45.73750286 7.320149366 17 2 19 439 458 76 78 1134 146 1569 169 1738 33039 22585    
2020-10-18T17:00:00 ITA 02 Valle_d'Aosta 45.73750286 7.320149366 20 2 22 506 528 70 73 1137 146 1631 180 1811 33399 22840    
2020-10-19T17:00:00 ITA 02 Valle_d'Aosta 45.73750286 7.320149366 26 4 30 628 658 130 135 1142 146 1746 200 1946 33852 23091    
2020-10-20T17:00:00 ITA 02 Valle_d'Aosta 45.73750286 7.320149366 36 5 41 684 725 67 75 1150 146 1813 208 2021 34435 23263    
2020-10-21T17:00:00 ITA 02 Valle_d'Aosta 45.73750286 7.320149366 42 5 47 784 831 106 111 1155 146 1913 219 2132 35990 23483    
2020-10-22T17:00:00 ITA 02 Valle_d'Aosta 45.73750286 7.320149366 48 3 51 854 905 74 87 1165 149 1988 231 2219 36671 23688    
2020-10-23T17:00:00 ITA 02 Valle_d'Aosta 45.73750286 7.320149366 50 3 53 948 1001 96 97 1166 149 2076 240 2316 37111 23862    
2020-10-24T17:00:00 ITA 02 Valle_d'Aosta 45.73750286 7.320149366 58 2 60 1033 1093 92 112 1183 152 2177 251 2428 37525 24087    
2020-10-25T17:00:00 ITA 02 Valle_d'Aosta 45.73750286 7.320149366 63 2 65 1116 1181 88 97 1191 153 2265 260 2525 37826 24256    
2020-10-26T17:00:00 ITA 02 Valle_d'Aosta 45.73750286 7.320149366 75 2 77 1239 1316 135 144 1199 154 2388 281 2669 38331 24533    
2020-10-27T17:00:00 ITA 02 Valle_d'Aosta 45.73750286 7.320149366 99 7 106 1261 1367 51 57 1203 156 2428 298 2726 38828 24643    
2020-10-28T17:00:00 ITA 02 Valle_d'Aosta 45.73750286 7.320149366 107 7 114 1316 1430 63 77 1216 157 2496 307 2803 39314 24935    
2020-10-29T17:00:00 ITA 02 Valle_d'Aosta 45.73750286 7.320149366 120 7 127 1457 1584 154 178 1235 162 2635 346 2981 40095 25235    
2020-10-30T17:00:00 ITA 02 Valle_d'Aosta 45.73750286 7.320149366 127 7 134 1583 1717 133 155 1253 166 2768 368 3136 40780 25710    
2020-10-31T17:00:00 ITA 02 Valle_d'Aosta 45.73750286 7.320149366 146 7 153 1660 1813 96 104 1259 168 2864 376 3240 41184 25954    
2020-11-01T17:00:00 ITA 02 Valle_d'Aosta 45.73750286 7.320149366 161 12 173 1747 1920 107 135 1281 174 2972 403 3375 41665 26164    
2020-11-02T17:00:00 ITA 02 Valle_d'Aosta 45.73750286 7.320149366 167 12 179 1833 2012 92 122 1306 179 3080 417 3497 42151 26356    
2020-11-03T17:00:00 ITA 02 Valle_d'Aosta 45.73750286 7.320149366 170 13 183 1867 2050 38 94 1361 180 3164 427 3591 42561 26492    
2020-11-04T17:00:00 ITA 02 Valle_d'Aosta 45.73750286 7.320149366 152 11 163 1961 2124 74 129 1415 181 3272 448 3720 43115 26668    
2020-11-05T17:00:00 ITA 02 Valle_d'Aosta 45.73750286 7.320149366 160 12 172 1980 2152 28 114 1493 189 3375 459 3834 43640 26872    
2020-11-06T17:00:00 ITA 02 Valle_d'Aosta 45.73750286 7.320149366 154 13 167 2001 2168 16 129 1600 195 3481 482 3963 44359 27094    
2020-11-07T17:00:00 ITA 02 Valle_d'Aosta 45.73750286 7.320149366 154 14 168 2013 2181 13 117 1697 202 3584 496 4080 44845 27267    
2020-11-08T17:00:00 ITA 02 Valle_d'Aosta 45.73750286 7.320149366 158 14 172 2000 2172 -9 55 1758 205 3634 501 4135 45323 27399    
2020-11-09T17:00:00 ITA 02 Valle_d'Aosta 45.73750286 7.320149366 159 15 174 2092 2266 94 201 1863 207 3822 514 4336 45993 27671    
2020-11-10T17:00:00 ITA 02 Valle_d'Aosta 45.73750286 7.320149366 161 15 176 2123 2299 33 127 1946 218 3936 527 4463 46630 27907    
2020-11-11T17:00:00 ITA 02 Valle_d'Aosta 45.73750286 7.320149366 160 17 177 2155 2332 33 125 2031 225 4052 536 4588 47373 28237    
2020-11-12T17:00:00 ITA 02 Valle_d'Aosta 45.73750286 7.320149366 159 16 175 2163 2338 6 167 2186 231 4201 554 4755 48023 28810    
2020-11-13T17:00:00 ITA 02 Valle_d'Aosta 45.73750286 7.320149366 149 15 164 2199 2363 25 103 2261 234 4295 563 4858 48853 29189    
2020-11-14T17:00:00 ITA 02 Valle_d'Aosta 45.73750286 7.320149366 146 13 159 2140 2299 -64 245 2564 240 4513 590 5103 49650 29478    
2020-11-15T17:00:00 ITA 02 Valle_d'Aosta 45.73750286 7.320149366 148 12 160 2135 2295 -4 143 2703 248 4641 605 5246 50230 29683    
2020-11-16T17:00:00 ITA 02 Valle_d'Aosta 45.73750286 7.320149366 151 16 167 2099 2266 -29 99 2826 253 4738 607 5345 50819 29915    
2020-11-17T17:00:00 ITA 02 Valle_d'Aosta 45.73750286 7.320149366 152 17 169 1994 2163 -103 154 3079 257 4884 615 5499 51410 30178    
2020-11-18T17:00:00 ITA 02 Valle_d'Aosta 45.73750286 7.320149366 146 17 163 1930 2093 -70 87 3234 259 4966 620 5586 51936 30337    
2020-11-19T17:00:00 ITA 02 Valle_d'Aosta 45.73750286 7.320149366 144 12 156 1879 2035 -58 91 3371 271 5042 635 5677 52636 30688    
2020-11-20T17:00:00 ITA 02 Valle_d'Aosta 45.73750286 7.320149366 148 10 158 1922 2080 45 155 3474 278 5186 646 5832 53347 30994    
2020-11-21T17:00:00 ITA 02 Valle_d'Aosta 45.73750286 7.320149366 149 11 160 1841 2001 -79 91 3641 281 5268 655 5923 53960 31251    
2020-11-22T17:00:00 ITA 02 Valle_d'Aosta 45.73750286 7.320149366 144 14 158 1761 1919 -82 99 3818 285 5364 658 6022 54841 31620    
2020-11-23T17:00:00 ITA 02 Valle_d'Aosta 45.73750286 7.320149366 146 13 159 1690 1849 -70 77 3960 290 5434 665 6099 55507 31934    
2020-11-24T17:00:00 ITA 02 Valle_d'Aosta 45.73750286 7.320149366 143 14 157 1610 1767 -82 73 4113 292 5501 671 6172 56259 32193    
2020-11-25T17:00:00 ITA 02 Valle_d'Aosta 45.73750286 7.320149366 137 16 153 1530 1683 -84 27 4219 297 5526 673 6199 56803 32389    
2020-11-26T17:00:00 ITA 02 Valle_d'Aosta 45.73750286 7.320149366 128 17 145 1468 1613 -70 44 4328 302 5561 682 6243 57624 32671    
2020-11-27T17:00:00 ITA 02 Valle_d'Aosta 45.73750286 7.320149366 129 15 144 1403 1547 -66 101 4495 302 5651 693 6344 58339 33067    
2020-11-28T17:00:00 ITA 02 Valle_d'Aosta 45.73750286 7.320149366 130 14 144 1321 1465 -82 72 4641 310 5714 702 6416 59088 33335    
2020-11-29T17:00:00 ITA 02 Valle_d'Aosta 45.73750286 7.320149366 138 13 151 1299 1450 -15 47 4702 311 5756 707 6463 59860 33672    
2020-11-30T17:00:00 ITA 02 Valle_d'Aosta 45.73750286 7.320149366 124 11 135 1182 1317 -133 47 4878 315 5798 712 6510 60435 33903    
2020-12-01T17:00:00 ITA 02 Valle_d'Aosta 45.73750286 7.320149366 123 13 136 1129 1265 -52 25 4953 317 5820 715 6535 60913 34026    
2020-12-02T17:00:00 ITA 02 Valle_d'Aosta 45.73750286 7.320149366 122 13 135 1071 1206 -59 42 5049 322 5858 719 6577 61373 34160    
2020-12-03T17:00:00 ITA 02 Valle_d'Aosta 45.73750286 7.320149366 113 11 124 994 1118 -88 42 5177 324 0 0 6619 54987 34276  0  
2020-12-04T17:00:00 ITA 02 Valle_d'Aosta 45.73750286 7.320149366 109 11 120 960 1080 -38 27 5240 326   6646 55280 34734  0 Il dato dei tamponi molecolari è inferiore a quello comunicato il 3 dicembre 2020 (61.669: modificato da Min salute)  in quanto a questo dato è stato sottratto il dato dei tamponi antigenici che veniva comunicato come dato totale dalla data della circolare del Ministero che introduce questi ultimi come test diagnostico effettivo .  Il dato dei tamponi molecolari effettuati in data odierna sono 293 
2020-12-05T17:00:00 ITA 02 Valle_d'Aosta 45.73750286 7.320149366 107 9 116 940 1056 -24 46 5306 330   6692 55696 34511  0 "ERRATA CORRIGE: il dato delle persone testate del 4/12 era 34.374 e non 34.734. Chiediamo di correggerlo  Ci scusiamo" 
2020-12-06T17:00:00 ITA 02 Valle_d'Aosta 45.73750286 7.320149366 102 8 110 877 987 -69 34 5406 333   6726 55973 34644  0  
2020-12-07T17:00:00 ITA 02 Valle_d'Aosta 45.73750286 7.320149366 105 10 115 829 944 -43 22 5469 335   6748 56194 34702  2  
2020-12-08T17:00:00 ITA 02 Valle_d'Aosta 45.73750286 7.320149366 96 9 105 765 870 -74 18 5557 339   6766 56474 34790  0  
2020-12-09T17:00:00 ITA 02 Valle_d'Aosta 45.73750286 7.320149366 90 13 103 753 856 -14 17 5584 343   6783 56847 34887  4  
2020-12-10T17:00:00 ITA 02 Valle_d'Aosta 45.73750286 7.320149366 98 10 108 675 783 -73 18 5674 344   6801 57189 34989  0  
2020-12-11T17:00:00 ITA 02 Valle_d'Aosta 45.73750286 7.320149366 88 9 97 619 716 -67 11 5749 347   6812 57448 35099  0  
2020-12-12T17:00:00 ITA 02 Valle_d'Aosta 45.73750286 7.320149366 76 8 84 579 663 -53 25 5823 351   6837 57784 35186  0  
2020-12-13T17:00:00 ITA 02 Valle_d'Aosta 45.73750286 7.320149366 74 8 82 540 622 -41 34 5896 353   6871 58056 35365  0  
2020-12-14T17:00:00 ITA 02 Valle_d'Aosta 45.73750286 7.320149366 74 9 83 505 588 -34 14 5944 353   6885 58376 35448  1  
2020-12-15T17:00:00 ITA 02 Valle_d'Aosta 45.73750286 7.320149366 74 6 80 447 527 -61 20 6022 356   6905 58718 35559  0  
2020-12-16T17:00:00 ITA 02 Valle_d'Aosta 45.73750286 7.320149366 67 7 74 449 523 -4 38 6060 360   6943 59111 35825  1  
2020-12-17T17:00:00 ITA 02 Valle_d'Aosta 45.73750286 7.320149366 70 8 78 417 495 -28 19 6105 362   6962 59366 35964  1  
2020-12-18T17:00:00 ITA 02 Valle_d'Aosta 45.73750286 7.320149366 70 7 77 423 500 5 24 6121 365   6986 59599 36064  0  
2020-12-19T17:00:00 ITA 02 Valle_d'Aosta 45.73750286 7.320149366 76 4 80 414 494 -6 23 6149 366   7009 59869 36240  0  
2020-12-20T17:00:00 ITA 02 Valle_d'Aosta 45.73750286 7.320149366 78 4 82 390 472 -22 22 6191 368   7031 60016 36301  0  
2020-12-21T17:00:00 ITA 02 Valle_d'Aosta 45.73750286 7.320149366 84 4 88 386 474 2 9 6198 368   7040 60228 36399  0  
2020-12-22T17:00:00 ITA 02 Valle_d'Aosta 45.73750286 7.320149366 90 5 95 361 456 -18 33 6249 368   7073 60537 36564  1  
2020-12-23T17:00:00 ITA 02 Valle_d'Aosta 45.73750286 7.320149366 84 4 88 342 430 -26 11 6284 370   7084 60760 36709  0  
2020-12-24T17:00:00 ITA 02 Valle_d'Aosta 45.73750286 7.320149366 83 4 87 340 427 -3 35 6321 371   7119 61008 36840  0  Vi è stato un errore tecnico riguardante terapie intensive di ieri e corretto successivamente alle ore 16.00: i pazienti ricoverati erano 5 e non 4.
2020-12-25T17:00:00 ITA 02 Valle_d'Aosta 45.73750286 7.320149366 84 4 88 340 428 1 11 6331 371   7130 61109 36873  0  
2020-12-26T17:00:00 ITA 02 Valle_d'Aosta 45.73750286 7.320149366 77 4 81 337 418 -10 24 6364 372   7154 61248 36914  1  
2020-12-27T17:00:00 ITA 02 Valle_d'Aosta 45.73750286 7.320149366 83 2 85 347 432 14 27 6375 374   7181 61613 37039  0  
2020-12-28T17:00:00 ITA 02 Valle_d'Aosta 45.73750286 7.320149366 95 4 99 395 494 62 61 6372 376   7242 61848 37107  2 Si segnala che a causa di un problema tecnico nella refertazione i dati odierni sono ancora in fase di verifica e potrebbero essere sovrastimati. Ci si riserva quindi di apportare eventuali correzioni nella giornata di domani. 
2020-12-29T17:00:00 ITA 02 Valle_d'Aosta 45.73750286 7.320149366 73 1 74 339 413 -81 0 6439 378   7230 62194 37216  0 "Con riferimento alla nota inserita in data di ieri  si evidenzia che il saldo negativo dei casi positivi totali  rispetto alla giornata di ieri è da imputare al riallineamento dei dati a seguito della verifica a causa di un problema tecnico degli esami refertanti nella giornata di ieri. " 
2020-12-30T17:00:00 ITA 02 Valle_d'Aosta 45.73750286 7.320149366 72 2 74 332 406 -7 14 6459 379   7244 62480 37323  2  
2020-12-31T17:00:00 ITA 02 Valle_d'Aosta 45.73750286 7.320149366 75 2 77 334 411 5 29 6483 379   7273 62687 37432  0  
2021-01-01T17:00:00 ITA 02 Valle_d'Aosta 45.73750286 7.320149366 75 1 76 332 408 -3 17 6501 381   7290 62831 37570  0  
2021-01-02T17:00:00 ITA 02 Valle_d'Aosta 45.73750286 7.320149366 76 2 78 335 413 5 7 6501 383   7297 63032 37893  2  
2021-01-03T17:00:00 ITA 02 Valle_d'Aosta 45.73750286 7.320149366 66 2 68 346 414 1 35 6532 386   7332 63369 38354  0  
2021-01-04T17:00:00 ITA 02 Valle_d'Aosta 45.73750286 7.320149366 63 1 64 346 410 -4 27 6562 387   7359 63531 38800  0  
2021-01-05T17:00:00 ITA 02 Valle_d'Aosta 45.73750286 7.320149366 54 1 55 353 408 -2 21 6585 387   7380 63793 39235  0  
2021-01-06T17:00:00 ITA 02 Valle_d'Aosta 45.73750286 7.320149366 54 1 55 352 407 -1 26 6611 388   7406 63993 39413  0  
2021-01-07T17:00:00 ITA 02 Valle_d'Aosta 45.73750286 7.320149366 57 1 58 376 434 27 33 6617 388   7439 64223 39503  0  
2021-01-08T17:00:00 ITA 02 Valle_d'Aosta 45.73750286 7.320149366 54 1 55 370 425 -9 25 6651 388   7464 64477 39592  0  
2021-01-09T17:00:00 ITA 02 Valle_d'Aosta 45.73750286 7.320149366 50 1 51 386 437 12 22 6661 388   7486 64752 39706  0  
2021-01-10T17:00:00 ITA 02 Valle_d'Aosta 45.73750286 7.320149366 53 1 54 376 430 -7 19 6686 389   7505 64906 39760  0  
2021-01-11T17:00:00 ITA 02 Valle_d'Aosta 45.73750286 7.320149366 52 1 53 389 442 12 27 6699 391   7532 65162 39852  0  
2021-01-12T17:00:00 ITA 02 Valle_d'Aosta 45.73750286 7.320149366 49 1 50 382 432 -10 14 6722 392   7546 65492 40025  0  
2021-01-13T17:00:00 ITA 02 Valle_d'Aosta 45.73750286 7.320149366 43 2 45 375 420 -12 19 6753 392   7565 65735 40123  1  
2021-01-14T17:00:00 ITA 02 Valle_d'Aosta 45.73750286 7.320149366 43 2 45 367 412 -8 16 6777 392   7581 65958 40219  0  
2021-01-15T17:00:00 ITA 02 Valle_d'Aosta 45.73750286 7.320149366 40 3 43 373 416 4 20 6793 392   7601 66212 40288  2   7601 0 66152 60 ITC ITC2
2021-01-16T17:00:00 ITA 02 Valle_d'Aosta 45.73750286 7.320149366 44 4 48 365 413 -3 20 6815 393   7621 66406 40331  1   7621 0 66282 124 ITC ITC2
2021-01-17T17:00:00 ITA 02 Valle_d'Aosta 45.73750286 7.320149366 41 3 44 371 415 2 18 6830 394   7639 66544 40383  0   7639 0 66399 145 ITC ITC2
2021-01-18T17:00:00 ITA 02 Valle_d'Aosta 45.73750286 7.320149366 45 2 47 368 415 0 11 6840 395   7650 66690 40452  0   7650 0 66538 152 ITC ITC2
2021-01-19T17:00:00 ITA 02 Valle_d'Aosta 45.73750286 7.320149366 46 2 48 350 398 -17 34 6888 398   7684 67065 40546  0   7684 0 66837 228 ITC ITC2
2021-01-20T17:00:00 ITA 02 Valle_d'Aosta 45.73750286 7.320149366 46 2 48 330 378 -20 14 6921 399   7698 67435 40647  0  I dati del bollettino odierno risentono dei 19 casi di positività riferiti alla giornata di ieri non confermati da successivo test molecolare che sono pertanto da sottrarre al numero totale dei casi positivi 7698 0 67138 297 ITC ITC2
2021-01-21T17:00:00 ITA 02 Valle_d'Aosta 45.73750286 7.320149366 42 2 44 297 341 -37 17 6955 400   7696 67714 40709  0  "Facendo riferimento alla nota di ieri 20 gennaio  dal totale dei casi confermati di oggi sono stati decurtati i 19 casi non confermati comunicati ieri  come da indicazioni del Ministero della salute" 7696 0 67379 335 ITC ITC2
2021-01-22T17:00:00 ITA 02 Valle_d'Aosta 45.73750286 7.320149366 40 2 42 289 331 -10 19 6984 400   7715 67890 40791  0   7715 0 67539 351 ITC ITC2
2021-01-23T17:00:00 ITA 02 Valle_d'Aosta 45.73750286 7.320149366 43 2 45 282 327 -4 5 6993 400   7720 68148 40839  0   7720 0 67704 444 ITC ITC2
2021-01-24T17:00:00 ITA 02 Valle_d'Aosta 45.73750286 7.320149366 45 2 47 256 303 -24 17 7033 401   7737 68359 40912  0   7737 0 67907 452 ITC ITC2
2021-01-25T17:00:00 ITA 02 Valle_d'Aosta 45.73750286 7.320149366 45 3 48 259 307 4 8 7037 401   7745 68511 40983  2   7745 0 68042 469 ITC ITC2
2021-01-26T17:00:00 ITA 02 Valle_d'Aosta 45.73750286 7.320149366 44 4 48 234 282 -25 2 7064 401   7747 68828 41086  1   7747 0 68282 546 ITC ITC2
2021-01-27T17:00:00 ITA 02 Valle_d'Aosta 45.73750286 7.320149366 43 4 47 223 270 -12 17 7092 402   7764 69112 41176  0   7764 0 68523 589 ITC ITC2
2021-01-28T17:00:00 ITA 02 Valle_d'Aosta 45.73750286 7.320149366 41 4 45 218 263 -7 8 7106 403   7772 69450 41273  0   7772 0 68734 716 ITC ITC2
2021-01-29T17:00:00 ITA 02 Valle_d'Aosta 45.73750286 7.320149366 36 4 40 213 253 -10 8 7124 403   7780 69596 41328  0   7780 0 68858 738 ITC ITC2
2021-01-30T17:00:00 ITA 02 Valle_d'Aosta 45.73750286 7.320149366 35 4 39 209 248 -5 1 7129 404   7781 69831 41402  1   7781 0 68965 866 ITC ITC2
2021-01-31T17:00:00 ITA 02 Valle_d'Aosta 45.73750286 7.320149366 32 3 35 198 233 -15 16 7160 404   7797 70139 41505  0   7797 0 69198 941 ITC ITC2
2021-02-01T17:00:00 ITA 02 Valle_d'Aosta 45.73750286 7.320149366 33 3 36 193 229 -4 3 7166 405   7800 70227 41528  0   7800 0 69280 947 ITC ITC2
2021-02-02T17:00:00 ITA 02 Valle_d'Aosta 45.73750286 7.320149366 25 3 28 173 201 -28 4 7198 405   7804 70530 41648  0   7804 0 69464 1066 ITC ITC2
2021-02-03T17:00:00 ITA 02 Valle_d'Aosta 45.73750286 7.320149366 29 3 32 157 189 -12 11 7220 406   7815 70882 41731  0   7815 0 69748 1134 ITC ITC2
2021-02-04T17:00:00 ITA 02 Valle_d'Aosta 45.73750286 7.320149366 27 3 30 158 188 -1 11 7232 406   7826 71235 41815  0   7826 0 69949 1286 ITC ITC2
2021-02-05T17:00:00 ITA 02 Valle_d'Aosta 45.73750286 7.320149366 25 3 28 151 179 -9 8 7248 407   7834 71446 41905  0   7834 0 70097 1349 ITC ITC2
2021-02-06T17:00:00 ITA 02 Valle_d'Aosta 45.73750286 7.320149366 24 3 27 141 168 -11 8 7266 408   7842 71659 41965  0   7842 0 70246 1413 ITC ITC2
2021-02-07T17:00:00 ITA 02 Valle_d'Aosta 45.73750286 7.320149366 24 3 27 135 162 -6 1 7272 409   7843 71822 42029  0   7843 0 70385 1437 ITC ITC2
2021-02-08T17:00:00 ITA 02 Valle_d'Aosta 45.73750286 7.320149366 25 3 28 137 165 3 13 7281 410   7856 71962 42078  0   7856 0 70510 1452 ITC ITC2
2021-02-09T17:00:00 ITA 02 Valle_d'Aosta 45.73750286 7.320149366 19 3 22 133 155 -10 14 7304 411   7870 72264 42169  0   7870 0 70718 1546 ITC ITC2
2021-02-10T17:00:00 ITA 02 Valle_d'Aosta 45.73750286 7.320149366 15 3 18 129 147 -8 7 7319 411   7877 72509 42262  0   7877 0 70920 1589 ITC ITC2
2021-02-11T17:00:00 ITA 02 Valle_d'Aosta 45.73750286 7.320149366 15 3 18 130 148 1 9 7327 411   7886 72818 42348  0   7886 0 71138 1680 ITC ITC2
2021-02-12T17:00:00 ITA 02 Valle_d'Aosta 45.73750286 7.320149366 14 2 16 128 144 -4 9 7339 412   7895 73275 42436  0   7895 0 71250 2025 ITC ITC2
2021-02-13T17:00:00 ITA 02 Valle_d'Aosta 45.73750286 7.320149366 13 2 15 126 141 -3 9 7351 412   7904 73538 42531  0   7904 0 71401 2137 ITC ITC2
2021-02-14T17:00:00 ITA 02 Valle_d'Aosta 45.73750286 7.320149366 13 2 15 122 137 -4 5 7359 413   7909 73785 42639  0   7909 0 71565 2220 ITC ITC2
2021-02-15T17:00:00 ITA 02 Valle_d'Aosta 45.73750286 7.320149366 10 2 12 126 138 1 9 7367 413   7918 73934 42663  0   7918 0 71669 2265 ITC ITC2
2021-02-16T17:00:00 ITA 02 Valle_d'Aosta 45.73750286 7.320149366 8 2 10 116 126 -12 4 7383 413   7922 74226 42787  0   7922 0 71857 2369 ITC ITC2
2021-02-17T17:00:00 ITA 02 Valle_d'Aosta 45.73750286 7.320149366 8 2 10 121 131 5 14 7392 413   7936 74548 42882  0   7936 0 72101 2447 ITC ITC2
2021-02-18T17:00:00 ITA 02 Valle_d'Aosta 45.73750286 7.320149366 10 2 12 124 136 5 11 7398 413   7947 74831 42980  0   7947 0 72352 2479 ITC ITC2
2021-02-19T17:00:00 ITA 02 Valle_d'Aosta 45.73750286 7.320149366 9 2 11 122 133 -3 8 7409 413   7955 75155 43154  0   7955 0 72523 2632 ITC ITC2
2021-02-20T17:00:00 ITA 02 Valle_d'Aosta 45.73750286 7.320149366 8 1 9 125 134 1 4 7411 414   7959 75407 43273  0   7959 0 72686 2721 ITC ITC2
2021-02-21T17:00:00 ITA 02 Valle_d'Aosta 45.73750286 7.320149366 6 1 7 126 133 -1 5 7417 414   7964 75666 43399  0   7964 0 72885 2781 ITC ITC2
2021-02-22T17:00:00 ITA 02 Valle_d'Aosta 45.73750286 7.320149366 6 1 7 139 146 13 14 7418 414   7978 75772 43431  0   7978 0 72972 2800 ITC ITC2
2021-02-23T17:00:00 ITA 02 Valle_d'Aosta 45.73750286 7.320149366 6 0 6 130 136 -10 4 7431 415   7982 76105 43569  0   7982 0 73151 2954 ITC ITC2
2021-02-24T17:00:00 ITA 02 Valle_d'Aosta 45.73750286 7.320149366 9 1 10 136 146 10 14 7435 415   7996 76453 43686  1   7996 0 73417 3036 ITC ITC2
2021-02-25T17:00:00 ITA 02 Valle_d'Aosta 45.73750286 7.320149366 10 1 11 131 142 -4 2 7441 415   7998 76738 43783  0   7998 0 73623 3115 ITC ITC2
2021-02-26T17:00:00 ITA 02 Valle_d'Aosta 45.73750286 7.320149366 8 1 9 132 141 -1 13 7455 415   8011 77004 43899  0   8011 0 73849 3155 ITC ITC2
2021-02-27T17:00:00 ITA 02 Valle_d'Aosta 45.73750286 7.320149366 9 2 11 133 144 3 10 7462 415   8021 77262 44049  1   8021 0 73975 3287 ITC ITC2
2021-02-28T17:00:00 ITA 02 Valle_d'Aosta 45.73750286 7.320149366 10 2 12 162 174 30 33 7465 415   8054 77627 44232  0   8054 0 74303 3324 ITC ITC2
2021-03-01T17:00:00 ITA 02 Valle_d'Aosta 45.73750286 7.320149366 14 2 16 152 168 -6 3 7474 415   8057 77765 44274  0   8057 0 74426 3339 ITC ITC2
2021-03-02T17:00:00 ITA 02 Valle_d'Aosta 45.73750286 7.320149366 13 2 15 148 163 -5 6 7485 415   8063 78036 44361  0   8063 0 74632 3404 ITC ITC2
2021-03-03T17:00:00 ITA 02 Valle_d'Aosta 45.73750286 7.320149366 12 2 14 152 166 3 9 7491 415   8072 78370 44525  0   8072 0 74880 3490 ITC ITC2
2021-03-04T17:00:00 ITA 02 Valle_d'Aosta 45.73750286 7.320149366 13 2 15 153 168 2 11 7499 416   8083 78745 44623  0   8083 0 75117 3628 ITC ITC2
2021-03-05T17:00:00 ITA 02 Valle_d'Aosta 45.73750286 7.320149366 10 2 12 159 171 3 15 7511 416   8098 79061 44685  0   8098 0 75277 3784 ITC ITC2
2021-03-06T17:00:00 ITA 02 Valle_d'Aosta 45.73750286 7.320149366 10 2 12 161 173 2 16 7525 416   8114 79798 45020  0   8114 0 75627 4171 ITC ITC2
2021-03-07T17:00:00 ITA 02 Valle_d'Aosta 45.73750286 7.320149366 9 2 11 166 177 4 7 7527 417   8121 80334 45301  0   8121 0 75778 4556 ITC ITC2
2021-03-08T17:00:00 ITA 02 Valle_d'Aosta 45.73750286 7.320149366 9 2 11 190 201 24 30 7533 417   8151 80483 45355  0   8151 0 75908 4575 ITC ITC2
2021-03-09T17:00:00 ITA 02 Valle_d'Aosta 45.73750286 7.320149366 9 2 11 184 195 -6 8 7547 417   8159 80938 45538  0   8159 0 76120 4818 ITC ITC2
