data,stato,codice_regione,denominazione_regione,lat,long,ricoverati_con_sintomi,terapia_intensiva,totale_ospedalizzati,isolamento_domiciliare,totale_positivi,variazione_totale_positivi,nuovi_positivi,dimessi_guariti,deceduti,casi_da_sospetto_diagnostico,casi_da_screening,totale_casi,tamponi,casi_testati,note,ingressi_terapia_intensiva,note_test,note_casi
2020-02-24T18:00:00,ITA,19,Sicilia,38.11569725,13.362356699999998,0,0,0,0,0,0,0,0,0,,,0,5,,,,,
2020-02-25T18:00:00,ITA,19,Sicilia,38.11569725,13.362356699999998,1,0,1,2,3,3,3,0,0,,,3,5,,,,,
2020-02-26T18:00:00,ITA,19,Sicilia,38.11569725,13.362356699999998,1,0,1,2,3,0,0,0,0,,,3,5,,,,,
2020-02-27T18:00:00,ITA,19,Sicilia,38.11569725,13.362356699999998,1,0,1,1,2,-1,1,2,0,,,4,5,,,,,
2020-02-28T18:00:00,ITA,19,Sicilia,38.11569725,13.362356699999998,1,0,1,1,2,0,0,2,0,,,4,5,,,,,
2020-02-29T17:00:00,ITA,19,Sicilia,38.11569725,13.362356699999998,1,0,1,1,2,0,0,2,0,,,4,6,,,,,
2020-03-01T17:00:00,ITA,19,Sicilia,38.11569725,13.362356699999998,1,0,1,6,7,5,5,2,0,,,9,291,,,,,
2020-03-02T18:00:00,ITA,19,Sicilia,38.11569725,13.362356699999998,2,0,2,3,5,-2,-2,2,0,,,7,307,,,,,
2020-03-03T18:00:00,ITA,19,Sicilia,38.11569725,13.362356699999998,2,0,2,3,5,0,0,2,0,,,7,307,,,,,
2020-03-04T17:00:00,ITA,19,Sicilia,38.11569725,13.362356699999998,5,0,5,11,16,11,11,2,0,,,18,367,,,,,
2020-03-05T17:00:00,ITA,19,Sicilia,38.11569725,13.362356699999998,5,0,5,11,16,0,0,2,0,,,18,367,,,,,
2020-03-06T17:00:00,ITA,19,Sicilia,38.11569725,13.362356699999998,7,0,7,15,22,6,6,2,0,,,24,367,,,,,
2020-03-07T18:00:00,ITA,19,Sicilia,38.11569725,13.362356699999998,8,0,8,25,33,11,11,2,0,,,35,643,,,,,
2020-03-08T18:00:00,ITA,19,Sicilia,38.11569725,13.362356699999998,18,0,18,33,51,18,18,2,0,,,53,791,,,,,
2020-03-09T18:00:00,ITA,19,Sicilia,38.11569725,13.362356699999998,19,0,19,33,52,1,1,2,0,,,54,836,,,,,
2020-03-10T18:00:00,ITA,19,Sicilia,38.11569725,13.362356699999998,17,2,19,41,60,8,8,2,0,,,62,955,,,,,
2020-03-11T17:00:00,ITA,19,Sicilia,38.11569725,13.362356699999998,23,1,24,57,81,21,21,2,0,,,83,1194,,,,,
2020-03-12T17:00:00,ITA,19,Sicilia,38.11569725,13.362356699999998,28,5,33,78,111,30,32,2,2,,,115,1477,,,,,
2020-03-13T17:00:00,ITA,19,Sicilia,38.11569725,13.362356699999998,37,7,44,82,126,15,15,2,2,,,130,1950,,,,,
2020-03-14T17:00:00,ITA,19,Sicilia,38.11569725,13.362356699999998,42,11,53,97,150,24,26,4,2,,,156,2100,,,,,
2020-03-15T17:00:00,ITA,19,Sicilia,38.11569725,13.362356699999998,56,15,71,108,179,29,32,7,2,,,188,2452,,,,,
2020-03-16T17:00:00,ITA,19,Sicilia,38.11569725,13.362356699999998,75,20,95,108,203,24,25,8,2,,,213,2653,,,,,
2020-03-17T17:00:00,ITA,19,Sicilia,38.11569725,13.362356699999998,86,28,114,112,226,23,24,8,3,,,237,2916,,,,,
2020-03-18T17:00:00,ITA,19,Sicilia,38.11569725,13.362356699999998,100,29,129,138,267,41,45,12,3,,,282,3294,,,,,
2020-03-19T17:00:00,ITA,19,Sicilia,38.11569725,13.362356699999998,143,36,179,142,321,54,58,15,4,,,340,3961,,,,,
2020-03-20T17:00:00,ITA,19,Sicilia,38.11569725,13.362356699999998,168,42,210,169,379,58,68,25,4,,,408,4468,,,,,
2020-03-21T17:00:00,ITA,19,Sicilia,38.11569725,13.362356699999998,206,48,254,204,458,79,82,26,6,,,490,4883,,,,,
2020-03-22T17:00:00,ITA,19,Sicilia,38.11569725,13.362356699999998,220,55,275,321,596,138,140,26,8,,,630,5580,,,,,
2020-03-23T17:00:00,ITA,19,Sicilia,38.11569725,13.362356699999998,250,60,310,371,681,85,91,27,13,,,721,6375,,,,,
2020-03-24T17:00:00,ITA,19,Sicilia,38.11569725,13.362356699999998,250,60,310,489,799,118,125,27,20,,,846,7170,,,,,
2020-03-25T17:00:00,ITA,19,Sicilia,38.11569725,13.362356699999998,259,80,339,597,936,137,148,33,25,,,994,8312,,,,,
2020-03-26T17:00:00,ITA,19,Sicilia,38.11569725,13.362356699999998,346,68,414,681,1095,159,170,36,33,,,1164,9658,,,,,
2020-03-27T17:00:00,ITA,19,Sicilia,38.11569725,13.362356699999998,425,75,500,658,1158,63,86,53,39,,,1250,11079,,,,,
2020-03-28T17:00:00,ITA,19,Sicilia,38.11569725,13.362356699999998,441,71,512,730,1242,84,109,60,57,,,1359,13096,,,,,
2020-03-29T17:00:00,ITA,19,Sicilia,38.11569725,13.362356699999998,451,71,522,808,1330,88,101,65,65,,,1460,13814,,,,,
2020-03-30T17:00:00,ITA,19,Sicilia,38.11569725,13.362356699999998,484,75,559,849,1408,78,95,71,76,,,1555,14758,,,,,
2020-03-31T17:00:00,ITA,19,Sicilia,38.11569725,13.362356699999998,503,72,575,917,1492,84,92,74,81,,,1647,15634,,,,,
2020-04-01T17:00:00,ITA,19,Sicilia,38.11569725,13.362356699999998,496,72,568,976,1544,52,71,86,88,,,1718,16836,,,,,
2020-04-02T17:00:00,ITA,19,Sicilia,38.11569725,13.362356699999998,503,73,576,1030,1606,62,73,92,93,,,1791,17833,,,,,
2020-04-03T17:00:00,ITA,19,Sicilia,38.11569725,13.362356699999998,535,73,608,1056,1664,58,68,94,101,,,1859,18686,,,,,
2020-04-04T17:00:00,ITA,19,Sicilia,38.11569725,13.362356699999998,553,74,627,1099,1726,62,73,95,111,,,1932,19896,,,,,
2020-04-05T17:00:00,ITA,19,Sicilia,38.11569725,13.362356699999998,556,76,632,1142,1774,48,62,104,116,,,1994,21904,,,,,
2020-04-06T17:00:00,ITA,19,Sicilia,38.11569725,13.362356699999998,563,74,637,1178,1815,41,52,108,123,,,2046,23464,,,,,
2020-04-07T17:00:00,ITA,19,Sicilia,38.11569725,13.362356699999998,562,73,635,1224,1859,44,51,113,125,,,2097,24857,,,,,
2020-04-08T17:00:00,ITA,19,Sicilia,38.11569725,13.362356699999998,563,65,628,1265,1893,34,62,133,133,,,2159,27438,,,,,
2020-04-09T17:00:00,ITA,19,Sicilia,38.11569725,13.362356699999998,566,63,629,1313,1942,49,73,152,138,,,2232,28742,,,,,
2020-04-10T17:00:00,ITA,19,Sicilia,38.11569725,13.362356699999998,568,62,630,1337,1967,25,70,187,148,,,2302,31156,,,,,
2020-04-11T17:00:00,ITA,19,Sicilia,38.11569725,13.362356699999998,562,58,620,1381,2001,34,62,209,154,,,2364,33787,,,,,
2020-04-12T17:00:00,ITA,19,Sicilia,38.11569725,13.362356699999998,552,53,605,1425,2030,29,52,223,163,,,2416,36098,,,,,
2020-04-13T17:00:00,ITA,19,Sicilia,38.11569725,13.362356699999998,554,51,605,1445,2050,20,42,237,171,,,2458,37311,,,,,
2020-04-14T17:00:00,ITA,19,Sicilia,38.11569725,13.362356699999998,552,53,605,1466,2071,21,43,255,175,,,2501,37877,,,,,
2020-04-15T17:00:00,ITA,19,Sicilia,38.11569725,13.362356699999998,541,49,590,1491,2081,10,34,273,181,,,2535,39867,,,,,
2020-04-16T17:00:00,ITA,19,Sicilia,38.11569725,13.362356699999998,525,48,573,1535,2108,27,44,284,187,,,2579,42405,,,,,
2020-04-17T17:00:00,ITA,19,Sicilia,38.11569725,13.362356699999998,521,46,567,1572,2139,31,46,296,190,,,2625,45172,,,,,
2020-04-18T17:00:00,ITA,19,Sicilia,38.11569725,13.362356699999998,526,42,568,1603,2171,32,47,305,196,,,2672,47715,,,,,
2020-04-19T17:00:00,ITA,19,Sicilia,38.11569725,13.362356699999998,522,41,563,1639,2202,31,45,315,200,,,2717,49772,49772,,,,
2020-04-20T17:00:00,ITA,19,Sicilia,38.11569725,13.362356699999998,526,39,565,1645,2210,8,42,346,203,,,2759,51373,51373,,,,
2020-04-21T17:00:00,ITA,19,Sicilia,38.11569725,13.362356699999998,514,37,551,1708,2259,49,76,370,206,,,2835,55093,55093,,,,
2020-04-22T17:00:00,ITA,19,Sicilia,38.11569725,13.362356699999998,500,35,535,1752,2287,28,48,388,208,,,2883,58732,58732,,,,
2020-04-23T17:00:00,ITA,19,Sicilia,38.11569725,13.362356699999998,476,34,510,1791,2301,14,43,412,213,,,2926,62150,62150,,,,
2020-04-24T17:00:00,ITA,19,Sicilia,38.11569725,13.362356699999998,461,32,493,1827,2320,19,55,443,218,,,2981,65165,63626,,,,
2020-04-25T17:00:00,ITA,19,Sicilia,38.11569725,13.362356699999998,452,33,485,1787,2272,-48,39,524,224,,,3020,68251,64892,,,,
2020-04-26T17:00:00,ITA,19,Sicilia,38.11569725,13.362356699999998,445,33,478,1629,2107,-165,35,720,228,,,3055,70104,65689,,,,
2020-04-27T17:00:00,ITA,19,Sicilia,38.11569725,13.362356699999998,440,35,475,1648,2123,16,30,731,231,,,3085,70650,66749,,,,
2020-04-28T17:00:00,ITA,19,Sicilia,38.11569725,13.362356699999998,428,34,462,1681,2143,20,35,745,232,,,3120,73008,68729,,,,
2020-04-29T17:00:00,ITA,19,Sicilia,38.11569725,13.362356699999998,415,34,449,1696,2145,2,20,763,232,,,3140,75360,71301,,,,
2020-04-30T17:00:00,ITA,19,Sicilia,38.11569725,13.362356699999998,408,33,441,1716,2157,12,26,774,235,,,3166,79669,74541,,,,
2020-05-01T17:00:00,ITA,19,Sicilia,38.11569725,13.362356699999998,399,30,429,1742,2171,14,28,786,237,,,3194,82860,77490,,,,
2020-05-02T17:00:00,ITA,19,Sicilia,38.11569725,13.362356699999998,396,30,426,1760,2186,15,19,787,240,,,3213,84352,77590,,,,
2020-05-03T17:00:00,ITA,19,Sicilia,38.11569725,13.362356699999998,383,29,412,1791,2203,17,27,795,242,,,3240,85955,78409,,,,
2020-05-04T17:00:00,ITA,19,Sicilia,38.11569725,13.362356699999998,376,27,403,1799,2202,-1,15,809,244,,,3255,87166,79336,,,,
2020-05-05T17:00:00,ITA,19,Sicilia,38.11569725,13.362356699999998,367,26,393,1809,2202,0,12,818,247,,,3267,91306,82079,,,,
2020-05-06T17:00:00,ITA,19,Sicilia,38.11569725,13.362356699999998,359,25,384,1817,2201,-1,14,830,250,,,3281,92999,83908,,,,
2020-05-07T17:00:00,ITA,19,Sicilia,38.11569725,13.362356699999998,349,21,370,1757,2127,-74,7,910,251,,,3288,95695,85674,,,,
2020-05-08T17:00:00,ITA,19,Sicilia,38.11569725,13.362356699999998,310,19,329,1798,2127,0,13,921,253,,,3301,98711,88497,,,,
2020-05-09T17:00:00,ITA,19,Sicilia,38.11569725,13.362356699999998,277,17,294,1786,2080,-47,12,977,256,,,3313,101548,90885,,,,
2020-05-10T17:00:00,ITA,19,Sicilia,38.11569725,13.362356699999998,273,16,289,1780,2069,-11,14,1002,256,,,3327,102403,91748,,,,
2020-05-11T17:00:00,ITA,19,Sicilia,38.11569725,13.362356699999998,271,16,287,1775,2062,-7,12,1020,257,,,3339,103134,92609,,,,
2020-05-12T17:00:00,ITA,19,Sicilia,38.11569725,13.362356699999998,234,15,249,1662,1911,-151,4,1171,261,,,3343,105017,94034,,,,
2020-05-13T17:00:00,ITA,19,Sicilia,38.11569725,13.362356699999998,212,13,225,1664,1889,-22,11,1203,262,,,3354,107991,96860,,,,
2020-05-14T17:00:00,ITA,19,Sicilia,38.11569725,13.362356699999998,203,12,215,1639,1854,-35,12,1249,263,,,3366,111137,99900,,,,
2020-05-15T17:00:00,ITA,19,Sicilia,38.11569725,13.362356699999998,198,11,209,1551,1760,-94,8,1351,263,,,3374,112929,101487,,,,
2020-05-16T17:00:00,ITA,19,Sicilia,38.11569725,13.362356699999998,159,12,171,1488,1659,-101,8,1458,265,,,3382,114963,103103,,,,
2020-05-17T17:00:00,ITA,19,Sicilia,38.11569725,13.362356699999998,145,13,158,1397,1555,-104,6,1566,267,,,3388,117426,105074,,,,
2020-05-18T17:00:00,ITA,19,Sicilia,38.11569725,13.362356699999998,137,13,150,1389,1539,-16,7,1589,267,,,3395,118859,106277,,,,
2020-05-19T17:00:00,ITA,19,Sicilia,38.11569725,13.362356699999998,125,12,137,1387,1524,-15,8,1611,268,,,3403,122040,109195,,,,
2020-05-20T17:00:00,ITA,19,Sicilia,38.11569725,13.362356699999998,118,11,129,1394,1523,-1,8,1620,268,,,3411,123573,110205,,,,
2020-05-21T17:00:00,ITA,19,Sicilia,38.11569725,13.362356699999998,107,11,118,1404,1522,-1,6,1627,268,,,3417,127348,112329,,,,
2020-05-22T17:00:00,ITA,19,Sicilia,38.11569725,13.362356699999998,103,10,113,1406,1519,-3,4,1634,268,,,3421,129431,114230,,,,
2020-05-23T17:00:00,ITA,19,Sicilia,38.11569725,13.362356699999998,95,9,104,1408,1512,-7,0,1640,269,,,3421,131913,116517,,,,
2020-05-24T17:00:00,ITA,19,Sicilia,38.11569725,13.362356699999998,91,9,100,1353,1453,-59,2,1701,269,,,3423,133249,117242,,,,
2020-05-25T17:00:00,ITA,19,Sicilia,38.11569725,13.362356699999998,89,9,98,1335,1433,-20,4,1724,270,,,3427,135261,118208,,,,
2020-05-26T17:00:00,ITA,19,Sicilia,38.11569725,13.362356699999998,83,10,93,1337,1430,-3,3,1729,271,,,3430,137682,120206,,,,
2020-05-27T17:00:00,ITA,19,Sicilia,38.11569725,13.362356699999998,73,10,83,1235,1318,-112,5,1845,272,,,3435,140295,122130,,,,
2020-05-28T17:00:00,ITA,19,Sicilia,38.11569725,13.362356699999998,72,8,80,1065,1145,-173,3,2021,272,,,3438,142516,122600,,,,
2020-05-29T17:00:00,ITA,19,Sicilia,38.11569725,13.362356699999998,67,7,74,1063,1137,-8,2,2031,272,,,3440,145979,125340,,,,
2020-05-30T17:00:00,ITA,19,Sicilia,38.11569725,13.362356699999998,67,7,74,925,999,-138,2,2170,273,,,3442,148871,127725,,,,
2020-05-31T17:00:00,ITA,19,Sicilia,38.11569725,13.362356699999998,65,7,72,914,986,-13,1,2183,274,,,3443,150054,128717,,,,
2020-06-01T17:00:00,ITA,19,Sicilia,38.11569725,13.362356699999998,65,8,73,894,967,-19,0,2202,274,,,3443,151186,129103,,,,
2020-06-02T17:00:00,ITA,19,Sicilia,38.11569725,13.362356699999998,62,7,69,897,966,-1,4,2206,275,,,3447,153417,130886,,,,
2020-06-03T17:00:00,ITA,19,Sicilia,38.11569725,13.362356699999998,60,7,67,813,880,-86,0,2292,275,,,3447,154873,131820,,,,
2020-06-04T17:00:00,ITA,19,Sicilia,38.11569725,13.362356699999998,57,6,63,816,879,-1,0,2292,276,,,3447,157868,134035,,,,
2020-06-05T17:00:00,ITA,19,Sicilia,38.11569725,13.362356699999998,54,6,60,812,872,-7,1,2300,276,,,3448,160639,136155,,,,
2020-06-06T17:00:00,ITA,19,Sicilia,38.11569725,13.362356699999998,47,7,54,812,866,-6,2,2308,276,,,3450,163432,138343,,,,
2020-06-07T17:00:00,ITA,19,Sicilia,38.11569725,13.362356699999998,42,7,49,813,862,-4,1,2312,277,,,3451,164985,139481,,,,
2020-06-08T17:00:00,ITA,19,Sicilia,38.11569725,13.362356699999998,40,7,47,806,853,-9,1,2321,278,,,3452,165693,140109,,,,
2020-06-09T17:00:00,ITA,19,Sicilia,38.11569725,13.362356699999998,39,6,45,808,853,0,2,2323,278,,,3454,168562,142495,,,,
2020-06-10T17:00:00,ITA,19,Sicilia,38.11569725,13.362356699999998,40,6,46,807,853,0,1,2324,278,,,3455,171384,144193,,,,
2020-06-11T17:00:00,ITA,19,Sicilia,38.11569725,13.362356699999998,37,5,42,807,849,-4,0,2327,279,,,3455,174429,146290,,,,
2020-06-12T17:00:00,ITA,19,Sicilia,38.11569725,13.362356699999998,34,3,37,804,841,-8,0,2335,279,,,3455,176233,147871,,,,
2020-06-13T17:00:00,ITA,19,Sicilia,38.11569725,13.362356699999998,33,3,36,806,842,1,1,2335,279,,,3456,178319,149516,,,,
2020-06-14T17:00:00,ITA,19,Sicilia,38.11569725,13.362356699999998,32,3,35,802,837,-5,1,2341,279,,,3457,179438,150233,,,,
2020-06-15T17:00:00,ITA,19,Sicilia,38.11569725,13.362356699999998,30,4,34,771,805,-32,1,2373,280,,,3458,180327,150982,,,,
2020-06-16T17:00:00,ITA,19,Sicilia,38.11569725,13.362356699999998,32,4,36,770,806,1,2,2374,280,,,3460,182514,152670,,,,
2020-06-17T17:00:00,ITA,19,Sicilia,38.11569725,13.362356699999998,25,3,28,777,805,-1,2,2377,280,,,3462,184412,154287,,,,
2020-06-18T17:00:00,ITA,19,Sicilia,38.11569725,13.362356699999998,24,3,27,610,637,-168,2,2547,280,,,3464,186253,155903,,,,
2020-06-19T17:00:00,ITA,19,Sicilia,38.11569725,13.362356699999998,21,5,26,124,150,-487,3,2640,280,,,3070,187869,156719,dc-EN-0058,,,
2020-06-20T17:00:00,ITA,19,Sicilia,38.11569725,13.362356699999998,21,5,26,114,140,-10,0,2650,280,,,3070,189938,157946,,,,
2020-06-21T17:00:00,ITA,19,Sicilia,38.11569725,13.362356699999998,20,6,26,115,141,1,2,2651,280,,,3072,191042,158911,,,,
2020-06-22T17:00:00,ITA,19,Sicilia,38.11569725,13.362356699999998,20,6,26,115,141,0,0,2651,280,,,3072,192138,159796,,,,
2020-06-23T17:00:00,ITA,19,Sicilia,38.11569725,13.362356699999998,17,5,22,110,132,-9,1,2661,280,,,3073,194935,161423,,,,
2020-06-24T17:00:00,ITA,19,Sicilia,38.11569725,13.362356699999998,17,5,22,110,132,0,1,2662,280,,,3074,197279,162675,,,,
2020-06-25T17:00:00,ITA,19,Sicilia,38.11569725,13.3623567,17,5,22,108,130,-2,2,2666,280,2748,328,3076,199545,163991,,,,
2020-06-26T17:00:00,ITA,19,Sicilia,38.11569725,13.3623567,18,4,22,107,129,-1,0,2666,281,2748,328,3076,201836,165403,,,,
2020-06-27T17:00:00,ITA,19,Sicilia,38.11569725,13.3623567,20,4,24,106,130,1,1,2666,281,2748,329,3077,204184,167299,,,,
2020-06-28T17:00:00,ITA,19,Sicilia,38.11569725,13.3623567,21,4,25,105,130,0,0,2666,281,2748,329,3077,205492,168323,,,,
2020-06-29T17:00:00,ITA,19,Sicilia,38.11569725,13.3623567,21,3,24,103,127,-3,1,2670,281,2748,330,3078,206550,169019,,,,
2020-06-30T17:00:00,ITA,19,Sicilia,38.11569725,13.3623567,19,3,22,106,128,1,2,2670,282,2749,331,3080,209071,171130,,,,
2020-07-01T17:00:00,ITA,19,Sicilia,38.11569725,13.362356699999998,18,3,21,105,126,-2,1,2673,282,2749,332,3081,211496,172947,,,,
2020-07-02T17:00:00,ITA,19,Sicilia,38.11569725,13.362356699999998,17,3,20,114,134,8,9,2674,282,2749,341,3090,214317,174795,,,,
2020-07-03T17:00:00,ITA,19,Sicilia,38.11569725,13.362356699999998,16,2,18,117,135,1,1,2674,282,2749,342,3091,217147,176956,,,,
2020-07-04T17:00:00,ITA,19,Sicilia,38.11569725,13.362356699999998,15,2,17,121,138,3,3,2674,282,2749,345,3094,219841,179117,,,,
2020-07-05T17:00:00,ITA,19,Sicilia,38.11569725,13.362356699999998,13,2,15,123,138,0,0,2674,282,2749,345,3094,221210,180132,,,,
2020-07-06T17:00:00,ITA,19,Sicilia,38.11569725,13.362356699999998,14,2,16,123,139,1,1,2674,282,2749,346,3095,222176,180811,,,,
2020-07-07T17:00:00,ITA,19,Sicilia,38.11569725,13.362356699999998,12,0,12,128,140,1,1,2674,282,2749,347,3096,224783,182429,,,,
2020-07-08T17:00:00,ITA,19,Sicilia,38.11569725,13.362356699999998,7,0,7,120,127,-13,1,2687,283,2749,348,3097,227239,184302,,,,
2020-07-09T17:00:00,ITA,19,Sicilia,38.11569725,13.362356699999998,6,0,6,122,128,1,1,2687,283,2749,349,3098,229851,186170,,,,
2020-07-10T17:00:00,ITA,19,Sicilia,38.11569725,13.362356699999998,6,0,6,118,124,-4,0,2691,283,2749,349,3098,231767,187482,,,,
2020-07-11T17:00:00,ITA,19,Sicilia,38.11569725,13.362356699999998,6,0,6,117,123,-1,1,2693,283,2749,350,3099,233658,188817,,,,
2020-07-12T17:00:00,ITA,19,Sicilia,38.11569725,13.362356699999998,5,0,5,118,123,0,0,2693,283,2749,350,3099,235174,189943,,,,
2020-07-13T17:00:00,ITA,19,Sicilia,38.11569725,13.362356699999998,6,0,6,117,123,0,1,2694,283,2749,351,3100,235954,190293,,,,
2020-07-14T17:00:00,ITA,19,Sicilia,38.11569725,13.362356699999998,4,0,4,133,137,14,15,2695,283,2753,362,3115,238702,192474,,,,
2020-07-15T17:00:00,ITA,19,Sicilia,38.11569725,13.362356699999998,4,0,4,133,137,0,0,2695,283,2753,362,3115,240742,194142,,,,
2020-07-16T17:00:00,ITA,19,Sicilia,38.11569725,13.362356699999998,6,0,6,148,154,17,17,2695,283,2753,379,3132,243037,195812,,,,
2020-07-17T17:00:00,ITA,19,Sicilia,38.11569725,13.362356699999998,9,0,9,149,158,4,4,2695,283,2753,383,3136,245437,197335,,,,
2020-07-18T17:00:00,ITA,19,Sicilia,38.11569725,13.362356699999998,14,0,14,148,162,4,4,2695,283,2753,387,3140,247379,198568,,,,
2020-07-19T17:00:00,ITA,19,Sicilia,38.11569725,13.362356699999998,11,1,12,150,162,0,2,2697,283,2753,389,3142,248851,199333,,,,
2020-07-20T17:00:00,ITA,19,Sicilia,38.11569725,13.362356699999998,10,2,12,145,157,-5,2,2704,283,2753,391,3144,249824,200038,,,,
2020-07-21T17:00:00,ITA,19,Sicilia,38.11569725,13.362356699999998,10,2,12,145,157,0,2,2706,283,2753,393,3146,252477,201700,,,,
2020-07-22T17:00:00,ITA,19,Sicilia,38.11569725,13.362356699999998,10,3,13,148,161,4,7,2709,283,2758,395,3153,255152,203459,,,,
2020-07-23T17:00:00,ITA,19,Sicilia,38.11569725,13.362356699999998,10,3,13,150,163,2,5,2712,283,2762,396,3158,257971,205508,,,,
2020-07-24T17:00:00,ITA,19,Sicilia,38.11569725,13.362356699999998,11,2,13,157,170,7,8,2713,283,2765,401,3166,259946,206743,,,,
2020-07-25T17:00:00,ITA,19,Sicilia,38.11569725,13.362356699999998,15,2,17,164,181,11,13,2715,283,2770,409,3179,262154,208167,,,,
2020-07-26T17:00:00,ITA,19,Sicilia,38.11569725,13.362356699999998,20,2,22,173,195,14,14,2715,283,2776,417,3193,263662,209196,,,,
2020-07-27T17:00:00,ITA,19,Sicilia,38.11569725,13.362356699999998,22,4,26,168,194,-1,3,2719,283,2777,419,3196,264940,210021,,,,
2020-07-28T17:00:00,ITA,19,Sicilia,38.11569725,13.362356699999998,29,2,31,175,206,12,19,2726,283,2782,433,3215,267962,211860,,,,
2020-07-29T17:00:00,ITA,19,Sicilia,38.11569725,13.362356699999998,29,2,31,193,224,18,18,2726,283,2787,446,3233,271097,213928,,,,
2020-07-30T17:00:00,ITA,19,Sicilia,38.11569725,13.362356699999998,33,2,35,224,259,35,39,2730,283,2798,474,3272,274288,216010,,,,
2020-07-31T17:00:00,ITA,19,Sicilia,38.11569725,13.362356699999998,38,2,40,235,275,16,16,2730,283,2809,479,3288,276773,217405,,,,
2020-08-01T17:00:00,ITA,19,Sicilia,38.11569725,13.362356699999998,36,3,39,242,281,6,10,2734,283,2816,482,3298,279516,219093,,,,
2020-08-02T17:00:00,ITA,19,Sicilia,38.11569725,13.362356699999998,36,3,39,246,285,4,7,2737,283,2822,483,3305,280835,220126,,,,
2020-08-03T17:00:00,ITA,19,Sicilia,38.11569725,13.362356699999998,36,3,39,249,288,3,3,2737,283,2824,484,3308,281658,220629,,,,
2020-08-04T17:00:00,ITA,19,Sicilia,38.11569725,13.362356699999998,34,3,37,256,293,5,10,2741,284,2832,486,3318,284328,222225,,,,
2020-08-05T17:00:00,ITA,19,Sicilia,38.11569725,13.362356699999998,34,4,38,276,314,21,21,2741,284,2840,499,3339,286665,223645,,,,
2020-08-06T17:00:00,ITA,19,Sicilia,38.11569725,13.362356699999998,37,4,41,301,342,28,30,2743,284,2853,516,3369,289460,225491,,,,
2020-08-07T17:00:00,ITA,19,Sicilia,38.11569725,13.362356699999998,37,4,41,328,369,27,27,2743,284,2866,530,3396,291872,226979,,,,
2020-08-08T17:00:00,ITA,19,Sicilia,38.11569725,13.362356699999998,37,4,41,356,397,28,28,2743,284,2885,539,3424,294383,228395,,,,
2020-08-09T17:00:00,ITA,19,Sicilia,38.11569725,13.362356699999998,39,5,44,376,420,23,29,2749,284,2896,557,3453,295660,229444,,,,
2020-08-10T17:00:00,ITA,19,Sicilia,38.11569725,13.362356699999998,45,6,51,399,450,30,32,2751,284,2910,575,3485,296533,230105,,,,
2020-08-11T17:00:00,ITA,19,Sicilia,38.11569725,13.362356699999998,44,6,50,488,538,88,89,2752,284,2927,647,3574,299393,231949,,,,
2020-08-12T17:00:00,ITA,19,Sicilia,38.11569725,13.362356699999998,43,6,49,513,562,24,29,2757,284,2939,664,3603,301641,233597,,,,
2020-08-13T17:00:00,ITA,19,Sicilia,38.11569725,13.362356699999998,42,6,48,556,604,42,42,2757,284,2956,689,3645,303687,234950,,,,
2020-08-14T17:00:00,ITA,19,Sicilia,38.11569725,13.362356699999998,46,6,52,579,631,27,36,2766,284,2964,717,3681,305906,236593,,,,
2020-08-15T17:00:00,ITA,19,Sicilia,38.11569725,13.362356699999998,47,5,52,625,677,46,46,2766,284,2979,748,3727,307936,237998,dei 46 nuovi positivi 13 provengono da Malta,,,
2020-08-16T17:00:00,ITA,19,Sicilia,38.11569725,13.362356699999998,51,5,56,656,712,35,39,2769,285,2986,780,3766,308979,238872,,,,
2020-08-17T17:00:00,ITA,19,Sicilia,38.11569725,13.362356699999998,54,6,60,658,718,6,14,2776,286,2991,789,3780,310605,240106,,,,
2020-08-18T17:00:00,ITA,19,Sicilia,38.11569725,13.362356699999998,54,6,60,662,722,4,13,2785,286,2997,796,3793,313011,241613,,,,
2020-08-19T17:00:00,ITA,19,Sicilia,38.11569725,13.362356699999998,53,8,61,705,766,44,45,2786,286,3009,829,3838,315870,243575,,,,
2020-08-20T17:00:00,ITA,19,Sicilia,38.11569725,13.362356699999998,41,8,49,741,790,24,37,2799,286,3024,851,3875,318852,245539,,,,
2020-08-21T17:00:00,ITA,19,Sicilia,38.11569725,13.362356699999998,45,8,53,775,828,38,44,2805,286,3034,885,3919,321981,247547,,,,
2020-08-22T17:00:00,ITA,19,Sicilia,38.11569725,13.362356699999998,45,8,53,821,874,46,48,2807,286,3049,918,3967,324201,249033,,,,
2020-08-23T17:00:00,ITA,19,Sicilia,38.11569725,13.362356699999998,50,10,60,843,903,29,35,2813,286,3060,942,4002,326347,250646,,,,
2020-08-24T17:00:00,ITA,19,Sicilia,38.11569725,13.362356699999998,54,9,63,884,947,44,65,2834,286,3063,1004,4067,327815,251757,,,,
2020-08-25T17:00:00,ITA,19,Sicilia,38.11569725,13.362356699999998,53,10,63,884,947,0,24,2858,286,3070,1021,4091,330449,253585,,,,
2020-08-26T17:00:00,ITA,19,Sicilia,38.11569725,13.362356699999998,59,10,69,911,980,33,33,2858,286,3077,1047,4124,333802,256456,,,,
2020-08-27T17:00:00,ITA,19,Sicilia,38.11569725,13.362356699999998,62,10,72,947,1019,39,50,2869,286,3102,1072,4174,337874,259530,,,,
2020-08-28T17:00:00,ITA,19,Sicilia,38.11569725,13.362356699999998,69,9,78,980,1058,39,54,2884,286,3125,1103,4228,341110,261940,,,,
2020-08-29T17:00:00,ITA,19,Sicilia,38.11569725,13.362356699999998,70,10,80,1004,1084,26,29,2887,286,3137,1120,4257,343982,264227,,,,
2020-08-30T17:00:00,ITA,19,Sicilia,38.11569725,13.362356699999998,68,10,78,1036,1114,30,34,2891,286,3152,1139,4291,346347,266061,,,,
2020-08-31T17:00:00,ITA,19,Sicilia,38.11569725,13.362356699999998,70,10,80,1045,1125,11,26,2906,286,3162,1155,4317,347662,267086,,,,
2020-09-01T17:00:00,ITA,19,Sicilia,38.11569725,13.362356699999998,71,10,81,1071,1152,27,33,2911,287,3176,1174,4350,351872,269806,,,,
2020-09-02T17:00:00,ITA,19,Sicilia,38.11569725,13.362356699999998,76,12,88,1139,1227,75,83,2919,287,3208,1225,4433,357499,272775,,,,
2020-09-03T17:00:00,ITA,19,Sicilia,38.11569725,13.362356699999998,81,12,93,1159,1252,25,54,2947,288,3235,1252,4487,360966,275130,,,,
2020-09-04T17:00:00,ITA,19,Sicilia,38.11569725,13.362356699999998,87,11,98,1186,1284,32,78,2993,288,3263,1302,4565,365207,277515,,,,
2020-09-05T17:00:00,ITA,19,Sicilia,38.11569725,13.362356699999998,88,12,100,1243,1343,59,114,3047,289,3314,1365,4679,370480,281041,,,,
2020-09-06T17:00:00,ITA,19,Sicilia,38.11569725,13.362356699999998,86,13,99,1235,1334,-9,37,3093,289,3330,1386,4716,372801,282977,,,,
2020-09-07T17:00:00,ITA,19,Sicilia,38.11569725,13.362356699999998,101,13,114,1265,1379,45,49,3097,289,3349,1416,4765,375134,284332,,,,
2020-09-08T17:00:00,ITA,19,Sicilia,38.11569725,13.362356699999998,104,13,117,1337,1454,75,84,3106,289,3389,1460,4849,380348,287589,,,,
2020-09-09T17:00:00,ITA,19,Sicilia,38.11569725,13.362356699999998,105,15,120,1407,1527,73,77,3110,289,3416,1510,4926,385131,290674,,,,
2020-09-10T17:00:00,ITA,19,Sicilia,38.11569725,13.362356699999998,108,18,126,1477,1603,76,106,3140,289,3457,1575,5032,389738,293401,,,,
2020-09-11T17:00:00,ITA,19,Sicilia,38.11569725,13.362356699999998,112,17,129,1577,1706,103,104,3141,289,3501,1635,5136,393950,295881,,,,
2020-09-12T17:00:00,ITA,19,Sicilia,38.11569725,13.362356699999998,116,18,134,1613,1747,41,44,3144,289,3535,1645,5180,397952,298359,,,,
2020-09-13T17:00:00,ITA,19,Sicilia,38.11569725,13.362356699999998,120,17,137,1656,1793,46,61,3158,290,3556,1685,5241,400678,300490,,,,
2020-09-14T17:00:00,ITA,19,Sicilia,38.11569725,13.362356699999998,136,16,152,1690,1842,49,65,3172,292,3593,1713,5306,402836,301876,,,,
2020-09-15T17:00:00,ITA,19,Sicilia,38.11569725,13.362356699999998,141,17,158,1761,1919,77,77,3172,292,3640,1743,5383,407163,304795,,,,
2020-09-16T17:00:00,ITA,19,Sicilia,38.11569725,13.362356699999998,155,16,171,1817,1988,69,90,3190,295,3690,1783,5473,412972,308515,,,,
2020-09-17T17:00:00,ITA,19,Sicilia,38.11569725,13.362356699999998,173,14,187,1856,2043,55,96,3231,295,3750,1819,5569,418470,312007,,,,
2020-09-18T17:00:00,ITA,19,Sicilia,38.11569725,13.362356699999998,179,15,194,1963,2157,114,179,3295,296,3859,1889,5748,424799,316122,,,,
2020-09-19T17:00:00,ITA,19,Sicilia,38.11569725,13.362356699999998,191,13,204,2028,2232,75,98,3318,296,3929,1917,5846,429143,318845,,,,
2020-09-20T17:00:00,ITA,19,Sicilia,38.11569725,13.362356699999998,194,13,207,2109,2316,84,116,3350,296,4002,1960,5962,432263,321168,,,,
2020-09-21T17:00:00,ITA,19,Sicilia,38.11569725,13.362356699999998,203,14,217,2131,2348,32,75,3390,299,4027,2010,6037,435365,323104,,,,
2020-09-22T17:00:00,ITA,19,Sicilia,38.11569725,13.362356699999998,224,15,239,2151,2390,42,108,3455,300,4087,2058,6145,442373,327407,,,,
2020-09-23T17:00:00,ITA,19,Sicilia,38.11569725,13.362356699999998,230,16,246,2166,2412,22,89,3519,303,4141,2093,6234,448412,331383,,,,
2020-09-24T17:00:00,ITA,19,Sicilia,38.11569725,13.362356699999998,237,16,253,2208,2461,49,125,3594,304,4221,2138,6359,453581,334504,,,,
2020-09-25T17:00:00,ITA,19,Sicilia,38.11569725,13.362356699999998,235,13,248,2282,2530,69,107,3630,306,4281,2185,6466,458911,337774,,,,
2020-09-26T17:00:00,ITA,19,Sicilia,38.11569725,13.362356699999998,255,13,268,2315,2583,53,110,3687,306,4341,2235,6576,464469,342008,,,,
2020-09-27T17:00:00,ITA,19,Sicilia,38.11569725,13.362356699999998,268,14,282,2377,2659,76,107,3716,308,4398,2285,6683,468671,345016,,,,
2020-09-28T17:00:00,ITA,19,Sicilia,38.11569725,13.362356699999998,294,15,309,2434,2743,84,102,3733,309,4458,2327,6785,471085,346506,,,,
2020-09-29T17:00:00,ITA,19,Sicilia,38.11569725,13.362356699999998,293,16,309,2478,2787,44,163,3851,310,4541,2407,6948,477200,350664,,,,
2020-09-30T17:00:00,ITA,19,Sicilia,38.11569725,13.362356699999998,301,19,320,2546,2866,79,170,3941,311,4641,2477,7118,483845,354475,,,,
2020-10-01T17:00:00,ITA,19,Sicilia,38.11569725,13.362356699999998,307,20,327,2609,2936,70,156,4026,312,4726,2548,7274,490482,358336,,,,
2020-10-02T17:00:00,ITA,19,Sicilia,38.11569725,13.362356699999998,303,21,324,2724,3048,112,140,4052,314,4821,2593,7414,496034,362142,,,,
2020-10-03T17:00:00,ITA,19,Sicilia,38.11569725,13.362356699999998,322,20,342,2829,3171,123,182,4108,317,4931,2665,7596,502672,366048,,,,
2020-10-04T17:00:00,ITA,19,Sicilia,38.11569725,13.362356699999998,329,24,353,2894,3247,76,85,4115,319,4981,2700,7681,506170,368405,,,,
2020-10-05T17:00:00,ITA,19,Sicilia,38.11569725,13.362356699999998,361,28,389,2969,3358,111,128,4130,321,5062,2747,7809,508826,370087,,,,
2020-10-06T17:00:00,ITA,19,Sicilia,38.11569725,13.362356699999998,368,28,396,3052,3448,90,198,4237,322,5174,2833,8007,515580,374604,,,,
2020-10-07T17:00:00,ITA,19,Sicilia,38.11569725,13.362356699999998,375,30,405,3144,3549,101,213,4345,326,5299,2921,8220,522159,378610,,,,
2020-10-08T17:00:00,ITA,19,Sicilia,38.11569725,13.362356699999998,376,33,409,3287,3696,147,259,4454,329,5441,3038,8479,529533,383416,,,,
2020-10-09T17:00:00,ITA,19,Sicilia,38.11569725,13.362356699999998,376,35,411,3490,3901,205,233,4478,333,5583,3129,8712,536684,387714,,,,
2020-10-10T17:00:00,ITA,19,Sicilia,38.11569725,13.362356699999998,387,35,422,3721,4143,242,285,4519,335,5782,3215,8997,544425,392395,,,,
2020-10-11T17:00:00,ITA,19,Sicilia,38.11569725,13.362356699999998,388,38,426,3975,4401,258,297,4557,336,5953,3341,9294,548934,395172,,,,
2020-10-12T17:00:00,ITA,19,Sicilia,38.11569725,13.362356699999998,404,42,446,4236,4682,281,298,4571,339,6133,3459,9592,552826,397546,,,,
2020-10-13T17:00:00,ITA,19,Sicilia,38.11569725,13.362356699999998,426,44,470,4407,4877,195,334,4708,341,6366,3560,9926,561166,402751,,,,
2020-10-14T17:00:00,ITA,19,Sicilia,38.11569725,13.362356699999998,447,49,496,4691,5187,310,366,4762,343,6582,3710,10292,568187,407145,,,,
2020-10-15T17:00:00,ITA,19,Sicilia,38.11569725,13.362356699999998,468,52,520,4967,5487,300,399,4854,350,6856,3835,10691,575631,411784,,,,
2020-10-16T17:00:00,ITA,19,Sicilia,38.11569725,13.362356699999998,471,58,529,5405,5934,447,578,4975,360,7238,4031,11269,583340,416980,,,,
2020-10-17T17:00:00,ITA,19,Sicilia,38.11569725,13.362356699999998,479,61,540,5741,6281,347,475,5101,362,7493,4251,11744,589079,422068,,,,
2020-10-18T17:00:00,ITA,19,Sicilia,38.11569725,13.362356699999998,493,70,563,6227,6790,509,548,5137,365,7835,4457,12292,595469,426503,,,,
2020-10-19T17:00:00,ITA,19,Sicilia,38.11569725,13.362356699999998,521,72,593,6426,7019,229,362,5267,368,8095,4559,12654,598721,428508,,,,
2020-10-20T17:00:00,ITA,19,Sicilia,38.11569725,13.362356699999998,542,77,619,6878,7497,478,574,5353,378,8485,4743,13228,606852,434040,,,,
2020-10-21T17:00:00,ITA,19,Sicilia,38.11569725,13.362356699999998,565,83,648,7202,7850,353,562,5551,389,8879,4911,13790,614264,437540,,,,
2020-10-22T17:00:00,ITA,19,Sicilia,38.11569725,13.362356699999998,588,89,677,7863,8540,690,796,5649,397,9374,5212,14586,621996,442472,,,,
2020-10-23T17:00:00,ITA,19,Sicilia,38.11569725,13.362356699999998,593,89,682,8454,9136,596,730,5772,408,9894,5422,15316,630011,447704,,,,
2020-10-24T17:00:00,ITA,19,Sicilia,38.11569725,13.362356699999998,606,90,696,9193,9889,753,886,5896,417,10410,5792,16202,637158,452738,,,,
2020-10-25T17:00:00,ITA,19,Sicilia,38.11569725,13.362356699999998,642,95,737,9818,10555,666,695,5914,428,10855,6042,16897,642351,456572,,,,
2020-10-26T17:00:00,ITA,19,Sicilia,38.11569725,13.362356699999998,677,98,775,10170,10945,390,568,6081,439,11173,6292,17465,647327,459725,,,,
2020-10-27T17:00:00,ITA,19,Sicilia,38.11569725,13.362356699999998,727,103,830,10904,11734,789,860,6142,449,11733,6592,18325,654651,464116,,,,
2020-10-28T17:00:00,ITA,19,Sicilia,38.11569725,13.362356699999998,787,111,898,11290,12188,454,708,6386,459,12141,6892,19033,662150,468458,,,,
2020-10-29T17:00:00,ITA,19,Sicilia,38.11569725,13.362356699999998,839,115,954,11791,12745,557,789,6605,472,12621,7201,19822,669376,472930,,,,
2020-10-30T17:00:00,ITA,19,Sicilia,38.11569725,13.362356699999998,895,117,1012,12552,13564,819,984,6758,484,13165,7641,20806,676669,477579,,,,
2020-10-31T17:00:00,ITA,19,Sicilia,38.11569725,13.362356699999998,962,122,1084,13358,14442,878,952,6814,502,13785,7973,21758,684775,482882,,,,
2020-11-01T17:00:00,ITA,19,Sicilia,38.11569725,13.362356699999998,999,132,1131,14193,15324,882,1095,7011,518,14475,8378,22853,693322,488072,,,,
2020-11-02T17:00:00,ITA,19,Sicilia,38.11569725,13.362356699999998,1025,142,1167,14897,16064,740,1024,7277,536,15095,8782,23877,701356,492862,,,,
2020-11-03T17:00:00,ITA,19,Sicilia,38.11569725,13.362356699999998,1072,150,1222,15584,16806,742,1048,7569,550,15643,9282,24925,709371,497218,,,,
2020-11-04T17:00:00,ITA,19,Sicilia,38.11569725,13.362356699999998,1105,148,1253,16365,17618,812,1155,7893,569,16243,9837,26080,718747,503610,,,,
2020-11-05T17:00:00,ITA,19,Sicilia,38.11569725,13.362356699999998,1147,157,1304,17222,18526,908,1322,8282,594,17045,10357,27402,728244,509301,,,,
2020-11-06T17:00:00,ITA,19,Sicilia,38.11569725,13.362356699999998,1157,159,1316,18197,19513,987,1423,8684,628,17968,10857,28825,737769,514907,,,,
2020-11-07T17:00:00,ITA,19,Sicilia,38.11569725,13.362356699999998,1161,169,1330,19407,20737,1224,1363,8788,663,18728,11460,30188,746200,520508,,,,
2020-11-08T17:00:00,ITA,19,Sicilia,38.11569725,13.362356699999998,1250,177,1427,20040,21467,730,1083,9128,676,19378,11893,31271,753094,525013,,,,
2020-11-09T17:00:00,ITA,19,Sicilia,38.11569725,13.362356699999998,1303,187,1490,20449,21939,472,1023,9652,703,19998,12296,32294,761552,529908,,,,
2020-11-10T17:00:00,ITA,19,Sicilia,38.11569725,13.362356699999998,1348,195,1543,21289,22832,893,1201,9928,735,20749,12746,33495,770408,535921,,,,
2020-11-11T17:00:00,ITA,19,Sicilia,38.11569725,13.362356699999998,1376,202,1578,21986,23564,732,1487,10656,762,21594,13388,34982,780247,541877,,,,
2020-11-12T17:00:00,ITA,19,Sicilia,38.11569725,13.362356699999998,1391,205,1596,23318,24914,1350,1692,10958,802,22634,14040,36674,789702,548214,,,,
2020-11-13T17:00:00,ITA,19,Sicilia,38.11569725,13.362356699999998,1450,210,1660,24626,26286,1372,1707,11258,837,23824,14557,38381,799919,554557,,,,
2020-11-14T17:00:00,ITA,19,Sicilia,38.11569725,13.362356699999998,1462,215,1677,26129,27806,1520,1729,11444,860,24924,15186,40110,809193,560736,,,,
2020-11-15T17:00:00,ITA,19,Sicilia,38.11569725,13.362356699999998,1476,217,1693,27114,28807,1001,1422,11829,896,25806,15726,41532,816609,565253,,,,
2020-11-16T17:00:00,ITA,19,Sicilia,38.11569725,13.362356699999998,1501,224,1725,28040,29765,958,1461,12296,932,26616,16377,42993,824760,570817,,,,
2020-11-17T17:00:00,ITA,19,Sicilia,38.11569725,13.362356699999998,1505,227,1732,29024,30756,991,1698,12964,971,27716,16975,44691,835534,577818,,,,
2020-11-18T17:00:00,ITA,19,Sicilia,38.11569725,13.362356699999998,1528,240,1768,30334,32102,1346,1837,13411,1015,28823,17705,46528,845013,582685,,,,
2020-11-19T17:00:00,ITA,19,Sicilia,38.11569725,13.362356699999998,1532,240,1772,31809,33581,1479,1871,13763,1055,30124,18275,48399,856483,590160,,,,
2020-11-20T17:00:00,ITA,19,Sicilia,38.11569725,13.362356699999998,1537,242,1779,32977,34756,1175,1634,14179,1098,31028,19005,50033,866503,596565,,,,
2020-11-21T17:00:00,ITA,19,Sicilia,38.11569725,13.362356699999998,1568,242,1810,34431,36241,1485,1838,14489,1141,32148,19723,51871,875889,602679,,,,
2020-11-22T17:00:00,ITA,19,Sicilia,38.11569725,13.362356699999998,1597,241,1838,35324,37162,921,1258,14781,1186,32768,20361,53129,882336,606566,,,,
2020-11-23T17:00:00,ITA,19,Sicilia,38.11569725,13.362356699999998,1604,243,1847,36066,37913,751,1249,15238,1227,33372,21006,54378,890048,611550,,,,
2020-11-24T17:00:00,ITA,19,Sicilia,38.11569725,13.362356699999998,1601,243,1844,36355,38199,286,1306,16210,1275,34077,21607,55684,900011,617938,,,,
2020-11-25T17:00:00,ITA,19,Sicilia,38.11569725,13.362356699999998,1574,250,1824,36496,38320,121,1317,17359,1322,34777,22224,57001,911444,625213,,,,
2020-11-26T17:00:00,ITA,19,Sicilia,38.11569725,13.362356699999998,1545,253,1798,36710,38508,188,1768,18890,1371,35885,22884,58769,922944,632415,,,,
2020-11-27T17:00:00,ITA,19,Sicilia,38.11569725,13.362356699999998,1539,250,1789,37294,39083,575,1566,19834,1418,36815,23520,60335,933579,639257,,,,
2020-11-28T17:00:00,ITA,19,Sicilia,38.11569725,13.362356699999998,1519,247,1766,38116,39882,799,1189,20181,1461,37424,24100,61524,942356,644441,,,,
2020-11-29T17:00:00,ITA,19,Sicilia,38.11569725,13.362356699999998,1522,241,1763,38721,40484,602,1024,20558,1506,38028,24520,62548,951321,649920,,,,
2020-11-30T17:00:00,ITA,19,Sicilia,38.11569725,13.362356699999998,1547,226,1773,38851,40624,140,1138,21507,1555,38536,25150,63686,959923,654885,,,,
2020-12-01T17:00:00,ITA,19,Sicilia,38.11569725,13.362356699999998,1517,220,1737,38993,40730,106,1399,22766,1589,39286,25799,65085,970696,661271,,,,
2020-12-02T17:00:00,ITA,19,Sicilia,38.11569725,13.362356699999998,1494,220,1714,38017,39731,-999,1483,25221,1616,40116,26452,66568,982232,668442,,,,
2020-12-03T17:00:00,ITA,19,Sicilia,38.11569725,13.362356699999998,1465,221,1686,38094,39780,49,1294,26432,1650,0,0,67862,992813,674771,,15,,
2020-12-04T17:00:00,ITA,19,Sicilia,38.11569725,13.362356699999998,1431,216,1647,37703,39350,-430,1365,28188,1689,,,69227,1002839,680641,,12,,
2020-12-05T17:00:00,ITA,19,Sicilia,38.11569725,13.362356699999998,1400,215,1615,37925,39540,190,1240,29204,1723,,,70467,1013714,687039,,12,,
2020-12-06T17:00:00,ITA,19,Sicilia,38.11569725,13.362356699999998,1367,213,1580,38166,39746,206,1022,29984,1759,,,71489,1021846,692062,,8,,
2020-12-07T17:00:00,ITA,19,Sicilia,38.11569725,13.362356699999998,1387,205,1592,38654,40246,500,918,30368,1793,,,72407,1030232,696890,,9,,
2020-12-08T17:00:00,ITA,19,Sicilia,38.11569725,13.362356699999998,1374,199,1573,37982,39555,-691,1148,32171,1829,,,73555,1040198,702770,,15,,
2020-12-09T17:00:00,ITA,19,Sicilia,38.11569725,13.362356699999998,1374,198,1572,37075,38647,-908,753,33798,1863,,,74308,1047211,707036,,18,,
2020-12-10T17:00:00,ITA,19,Sicilia,38.11569725,13.362356699999998,1342,197,1539,35430,36969,-1678,1059,36503,1895,,,75367,1056737,712959,,21,,
2020-12-11T17:00:00,ITA,19,Sicilia,38.11569725,13.362356699999998,1280,197,1477,34933,36410,-559,999,38033,1923,,,76366,1066271,717462,,15,,
2020-12-12T17:00:00,ITA,19,Sicilia,38.11569725,13.362356699999998,1243,196,1439,34322,35761,-649,1016,39675,1946,,,77382,1075330,723402,,16,,
2020-12-13T17:00:00,ITA,19,Sicilia,38.11569725,13.362356699999998,1226,198,1424,34295,35719,-42,808,40504,1967,,,78190,1082424,727787,,12,,
2020-12-14T17:00:00,ITA,19,Sicilia,38.11569725,13.362356699999998,1237,189,1426,34415,35841,122,914,41264,1999,,,79104,1089515,732421,,12,,
2020-12-15T17:00:00,ITA,19,Sicilia,38.11569725,13.362356699999998,1225,185,1410,34559,35969,128,1087,42192,2030,,,80191,1098601,737959,,14,,
2020-12-16T17:00:00,ITA,19,Sicilia,38.11569725,13.362356699999998,1188,183,1371,33805,35176,-793,1065,44021,2059,,,81256,1108575,744403,,18,,
2020-12-17T17:00:00,ITA,19,Sicilia,38.11569725,13.362356699999998,1131,179,1310,33378,34688,-488,872,45353,2087,,,82128,1117928,750056,,10,,
2020-12-18T17:00:00,ITA,19,Sicilia,38.11569725,13.362356699999998,1091,182,1273,32592,33865,-823,731,46885,2109,,,82859,1126037,755132,,19,,
2020-12-19T17:00:00,ITA,19,Sicilia,38.11569725,13.362356699999998,1071,174,1245,32598,33843,-22,878,47763,2131,,,83737,1133274,759544,,7,,
2020-12-20T17:00:00,ITA,19,Sicilia,38.11569725,13.362356699999998,1076,178,1254,32629,33883,40,792,48491,2155,,,84529,1140383,764128,,13,,
2020-12-21T17:00:00,ITA,19,Sicilia,38.11569725,13.362356699999998,1086,181,1267,32636,33903,20,669,49114,2181,,,85198,1146599,768070,,16,,
2020-12-22T17:00:00,ITA,19,Sicilia,38.11569725,13.362356699999998,1059,176,1235,32257,33492,-411,894,50397,2203,,,86092,1155288,773208,,7,,
2020-12-23T17:00:00,ITA,19,Sicilia,38.11569725,13.362356699999998,1028,176,1204,32410,33614,122,932,51197,2213,,,87024,1164552,779017,,6,,
2020-12-24T17:00:00,ITA,19,Sicilia,38.11569725,13.362356699999998,1008,173,1181,32199,33380,-234,853,52258,2239,,,87877,1172687,783825,,16,,
2020-12-25T17:00:00,ITA,19,Sicilia,38.11569725,13.362356699999998,995,174,1169,32063,33232,-148,720,53109,2256,,,88597,1179159,788040,,15,,
2020-12-26T17:00:00,ITA,19,Sicilia,38.11569725,13.362356699999998,1014,170,1184,32106,33290,58,337,53361,2283,,,88934,1183197,790541,,8,,
2020-12-27T17:00:00,ITA,19,Sicilia,38.11569725,13.362356699999998,1027,174,1201,31966,33167,-123,682,54151,2298,,,89616,1188827,793985,,14,,
2020-12-28T17:00:00,ITA,19,Sicilia,38.11569725,13.362356699999998,1064,175,1239,32007,33246,79,650,54694,2326,,,90266,1194520,797698,,15,,
2020-12-29T17:00:00,ITA,19,Sicilia,38.11569725,13.362356699999998,1093,169,1262,32147,33409,163,995,55500,2352,,,91261,1203327,802862,,8,,
2020-12-30T17:00:00,ITA,19,Sicilia,38.11569725,13.362356699999998,1085,166,1251,32136,33387,-22,1084,56577,2381,,,92345,1211824,808160,,12,,
2020-12-31T17:00:00,ITA,19,Sicilia,38.11569725,13.362356699999998,1069,171,1240,32628,33868,481,1299,57364,2412,,,93644,1219132,812545,,13,,
2021-01-01T17:00:00,ITA,19,Sicilia,38.11569725,13.362356699999998,1073,176,1249,33098,34347,479,1122,57979,2440,,,94766,1226629,817045,,11,,
2021-01-02T17:00:00,ITA,19,Sicilia,38.11569725,13.362356699999998,1090,186,1276,33674,34950,603,734,58082,2468,,,95500,1231722,820100,,20,,
2021-01-03T17:00:00,ITA,19,Sicilia,38.11569725,13.362356699999998,1137,184,1321,34270,35591,641,1047,58462,2494,,,96547,1238041,823898,,11,,
2021-01-04T17:00:00,ITA,19,Sicilia,38.11569725,13.362356699999998,1181,186,1367,35211,36578,987,1391,58832,2528,,,97938,1245638,828750,,13,,
2021-01-05T17:00:00,ITA,19,Sicilia,38.11569725,13.362356699999998,1198,190,1388,36038,37426,848,1576,59524,2564,,,99514,1255175,835040,,17,,
2021-01-06T17:00:00,ITA,19,Sicilia,38.11569725,13.362356699999998,1190,194,1384,36355,37739,313,1692,60874,2593,,,101206,1264942,840900,,17,,
2021-01-07T17:00:00,ITA,19,Sicilia,38.11569725,13.362356699999998,1228,196,1424,37281,38705,966,1435,61307,2629,,,102641,1273514,845898,,17,,
2021-01-08T17:00:00,ITA,19,Sicilia,38.11569725,13.362356699999998,1246,200,1446,38226,39672,967,1842,62147,2664,,,104483,1284101,852250,,16,,
2021-01-09T17:00:00,ITA,19,Sicilia,38.11569725,13.362356699999998,1256,205,1461,38937,40398,726,1839,63229,2695,,,106322,1294528,858606,,9,,
2021-01-10T17:00:00,ITA,19,Sicilia,38.11569725,13.362356699999998,1265,208,1473,40033,41506,1108,1733,63821,2728,,,108055,1303264,863763,,6,,
2021-01-11T17:00:00,ITA,19,Sicilia,38.11569725,13.362356699999998,1298,208,1506,41313,42819,1313,1587,64058,2765,,,109642,1311962,868928,,18,,
2021-01-12T17:00:00,ITA,19,Sicilia,38.11569725,13.362356699999998,1342,209,1551,42487,44038,1219,1913,64712,2805,,,111555,1322705,875373,,22,,
2021-01-13T17:00:00,ITA,19,Sicilia,38.11569725,13.362356699999998,1371,208,1579,43098,44677,639,1969,66006,2841,,,113524,1333247,881698,,14,,
2021-01-14T17:00:00,ITA,19,Sicilia,38.11569725,13.362356699999998,1397,205,1602,43263,44865,188,1867,67649,2877,,,115391,1343984,888140,,14,,
2021-01-15T17:00:00,ITA,19,Sicilia,38.11569725,13.362356699999998,1403,210,1613,43432,45045,180,1945,69375,2916,,,117336,1367989,894456,,18,,,117336,0,1354511,13478,ITG,ITG1
2021-01-16T17:00:00,ITA,19,Sicilia,38.11569725,13.362356699999998,1406,212,1618,43834,45452,407,1954,70884,2954,,,119290,1393086,900666,,16,,,119290,0,1364861,28225,ITG,ITG1
2021-01-17T17:00:00,ITA,19,Sicilia,38.11569725,13.362356699999998,1422,208,1630,44795,46425,973,1439,71315,2989,,,120729,1437613,906120,,10,,,120729,0,1373951,63662,ITG,ITG1
2021-01-18T17:00:00,ITA,19,Sicilia,38.11569725,13.362356699999998,1444,205,1649,45236,46885,460,1278,72095,3027,,,122007,1477389,911144,,19,,,122007,0,1382325,95064,ITG,ITG1
2021-01-19T17:00:00,ITA,19,Sicilia,38.11569725,13.362356699999998,1456,211,1667,45860,47527,642,1641,73057,3064,,,123648,1498556,917147,,22,,,123648,0,1392330,106226,ITG,ITG1
2021-01-20T17:00:00,ITA,19,Sicilia,38.11569725,13.362356699999998,1459,215,1674,45033,46707,-820,1486,75326,3101,,,125134,1518559,923280,,14,,,125134,0,1402553,116006,ITG,ITG1
2021-01-21T17:00:00,ITA,19,Sicilia,38.11569725,13.362356699999998,1436,221,1657,45241,46898,191,1230,76337,3129,,,126364,1540168,929118,,23,,,126364,0,1412283,127885,ITG,ITG1
2021-01-22T17:00:00,ITA,19,Sicilia,38.11569725,13.362356699999998,1441,222,1663,45626,47289,391,1355,77269,3161,,,127719,1560423,935211,,14,,,127719,0,1422438,137985,ITG,ITG1
2021-01-23T17:00:00,ITA,19,Sicilia,38.11569725,13.362356699999998,1444,223,1667,45960,47627,338,1158,78056,3194,,,128877,1583888,940932,,14,,,128877,0,1431974,151914,ITG,ITG1
2021-01-24T17:00:00,ITA,19,Sicilia,38.11569725,13.362356699999998,1431,227,1658,45996,47654,27,875,78872,3226,,,129752,1604479,945261,,15,,,129752,0,1439190,165289,ITG,ITG1
2021-01-25T17:00:00,ITA,19,Sicilia,38.11569725,13.362356699999998,1439,227,1666,46335,48001,347,885,79376,3260,,,130637,1625287,950469,,11,,,130637,0,1447871,177416,ITG,ITG1
2021-01-26T17:00:00,ITA,19,Sicilia,38.11569725,13.362356699999998,1435,229,1664,45815,47479,-522,970,80832,3296,,,131607,1648866,956437,,18,,,131607,0,1457818,191048,ITG,ITG1
2021-01-27T17:00:00,ITA,19,Sicilia,38.11569725,13.362356699999998,1421,232,1653,45377,47030,-449,996,82239,3334,,,132603,1678136,962946,,11,,,132603,0,1468667,209469,ITG,ITG1
2021-01-28T17:00:00,ITA,19,Sicilia,38.11569725,13.362356699999998,1405,215,1620,44556,46176,-854,994,84050,3371,,,133597,1700897,969503,,7,,,133597,0,1479596,221301,ITG,ITG1
2021-01-29T17:00:00,ITA,19,Sicilia,38.11569725,13.362356699999998,1373,211,1584,42683,44267,-1909,944,86866,3408,,,134541,1726358,975217,,7,,,134541,0,1489119,237239,ITG,ITG1
2021-01-30T17:00:00,ITA,19,Sicilia,38.11569725,13.362356699999998,1345,208,1553,41315,42868,-1399,846,89076,3443,,,135387,1751609,980665,,8,,,135387,0,1498199,253410,ITG,ITG1
2021-01-31T17:00:00,ITA,19,Sicilia,38.11569725,13.362356699999998,1325,204,1529,40760,42289,-579,716,90336,3478,,,136103,1784459,985615,,8,,,136103,0,1506448,278011,ITG,ITG1
2021-02-01T17:00:00,ITA,19,Sicilia,38.11569725,13.362356699999998,1336,204,1540,40662,42202,-87,766,91159,3508,,,136869,1817208,989907,,13,,,136869,0,1513602,303606,ITG,ITG1
2021-02-02T17:00:00,ITA,19,Sicilia,38.11569725,13.362356699999998,1327,202,1529,40084,41613,-589,984,92695,3545,,,137853,1839463,995922,,15,,,137853,0,1523628,315835,ITG,ITG1
2021-02-03T17:00:00,ITA,19,Sicilia,38.11569725,13.362356699999998,1317,193,1510,39612,41122,-491,886,94038,3579,,,138739,1863593,1002162,,7,,,138739,0,1534086,329507,ITG,ITG1
2021-02-04T17:00:00,ITA,19,Sicilia,38.11569725,13.362356699999998,1286,187,1473,39181,40654,-468,789,95271,3603,,,139528,1885970,1008097,,7,,,139528,0,1543979,341991,ITG,ITG1
2021-02-05T17:00:00,ITA,19,Sicilia,38.11569725,13.362356699999998,1244,182,1426,38128,39554,-1100,616,96956,3634,,,140144,1911176,1013674,,9,,,140144,0,1553275,357901,ITG,ITG1
2021-02-06T17:00:00,ITA,19,Sicilia,38.11569725,13.362356699999998,1228,177,1405,37861,39266,-288,836,98057,3657,,,140980,1936886,1019978,,10,,,140980,0,1563868,373018,ITG,ITG1
2021-02-07T17:00:00,ITA,19,Sicilia,38.11569725,13.362356699999998,1198,178,1376,37633,39009,-257,574,98863,3682,,,141554,1961519,1024409,,12,,,141554,0,1571253,390266,ITG,ITG1
2021-02-08T17:00:00,ITA,19,Sicilia,38.11569725,13.362356699999998,1192,181,1373,37559,38932,-77,478,99396,3704,,,142032,1983965,1028509,,10,,,142032,0,1578087,405878,ITG,ITG1
2021-02-09T17:00:00,ITA,19,Sicilia,38.11569725,13.362356699999998,1161,176,1337,37184,38521,-411,744,100527,3728,,,142776,2005913,1033929,,5,,,142776,0,1587121,418792,ITG,ITG1
2021-02-10T17:00:00,ITA,19,Sicilia,38.11569725,13.362356699999998,1108,170,1278,36309,37587,-934,695,102127,3757,,,143471,2028273,1039395,,7,,,143471,0,1596232,432041,ITG,ITG1
2021-02-11T17:00:00,ITA,19,Sicilia,38.11569725,13.362356699999998,1071,165,1236,35419,36655,-932,760,103793,3783,,,144231,2049875,1045265,,11,,,144231,0,1606016,443859,ITG,ITG1
2021-02-12T17:00:00,ITA,19,Sicilia,38.11569725,13.362356699999998,1055,169,1224,34083,35307,-1348,491,105611,3804,,,144722,2072966,1050954,,10,,,144722,0,1615498,457468,ITG,ITG1
2021-02-13T17:00:00,ITA,19,Sicilia,38.11569725,13.362356699999998,1043,168,1211,33759,34970,-337,543,106471,3824,,,145265,2095696,1056048,,7,,,145265,0,1623988,471708,ITG,ITG1
2021-02-14T17:00:00,ITA,19,Sicilia,38.11569725,13.362356699999998,1030,165,1195,33671,34866,-104,479,107030,3848,,,145744,2115681,1059724,,5,,,145744,0,1630116,485565,ITG,ITG1
2021-02-15T17:00:00,ITA,19,Sicilia,38.11569725,13.362356699999998,1035,165,1200,33349,34549,-317,332,107658,3869,,,146076,2134318,1063740,,9,,,146076,0,1636810,497508,ITG,ITG1
2021-02-16T17:00:00,ITA,19,Sicilia,38.11569725,13.362356699999998,1005,158,1163,33317,34480,-69,625,108330,3891,,,146701,2157186,1069402,,5,,,146701,0,1646247,510939,ITG,ITG1
2021-02-17T17:00:00,ITA,19,Sicilia,38.11569725,13.362356699999998,961,154,1115,32540,33655,-825,484,109615,3915,,,147185,2180980,1075049,,6,,,147185,0,1655659,525321,ITG,ITG1
2021-02-18T17:00:00,ITA,19,Sicilia,38.11569725,13.362356699999998,930,145,1075,31929,33004,-651,480,110720,3941,,,147665,2205754,1080729,,6,,,147665,0,1665126,540628,ITG,ITG1
2021-02-19T17:00:00,ITA,19,Sicilia,38.11569725,13.362356699999998,884,150,1034,30535,31569,-1435,440,112573,3963,,,148105,2228960,1086166,,11,,,148105,0,1674188,554772,ITG,ITG1
2021-02-20T17:00:00,ITA,19,Sicilia,38.11569725,13.362356699999998,862,145,1007,28899,29906,-1663,474,114692,3981,,,148579,2252267,1090761,,3,,,148579,0,1681846,570421,ITG,ITG1
2021-02-21T17:00:00,ITA,19,Sicilia,38.11569725,13.362356699999998,846,143,989,28191,29180,-726,411,115811,3999,,,148990,2272179,1095427,,4,,,148990,0,1689624,582555,ITG,ITG1
2021-02-22T17:00:00,ITA,19,Sicilia,38.11569725,13.362356699999998,843,142,985,28382,29367,187,412,116017,4018,,,149402,2290737,1099845,,6,,,149402,0,1696988,593749,ITG,ITG1
2021-02-23T17:00:00,ITA,19,Sicilia,38.11569725,13.362356699999998,818,135,953,27704,28657,-710,452,117158,4039,,,149854,2315916,1104845,,5,,,149854,0,1705322,610594,ITG,ITG1
2021-02-24T17:00:00,ITA,19,Sicilia,38.11569725,13.362356699999998,816,130,946,26744,27690,-967,542,118646,4060,,,150396,2342356,1109928,,10,,,150396,0,1713795,628561,ITG,ITG1
2021-02-25T17:00:00,ITA,19,Sicilia,38.11569725,13.362356699999998,799,131,930,26096,27026,-664,613,119908,4075,,,151009,2367543,1115332,,8,,,151009,0,1722817,644726,ITG,ITG1
2021-02-26T17:00:00,ITA,19,Sicilia,38.11569725,13.362356699999998,776,132,908,25689,26597,-429,578,120894,4096,,,151587,2392113,1120327,,8,,,151587,0,1731142,660971,ITG,ITG1
2021-02-27T17:00:00,ITA,19,Sicilia,38.11569725,13.362356699999998,734,134,868,24903,25771,-826,518,122217,4117,,,152105,2418042,1125332,,8,,,152105,0,1739485,678557,ITG,ITG1
2021-02-28T17:00:00,ITA,19,Sicilia,38.11569725,13.362356699999998,725,133,858,25124,25982,211,453,122438,4138,,,152558,2442832,1130192,,6,,,152558,0,1747585,695247,ITG,ITG1
2021-03-01T17:00:00,ITA,19,Sicilia,38.11569725,13.362356699999998,726,132,858,25323,26181,199,478,122699,4156,,,153036,2463696,1135110,,7,,,153036,0,1755782,707914,ITG,ITG1
2021-03-02T17:00:00,ITA,19,Sicilia,38.11569725,13.362356699999998,726,123,849,24880,25729,-452,566,123703,4170,,,153602,2488439,1139681,,3,,,153602,0,1763401,725038,ITG,ITG1
2021-03-03T17:00:00,ITA,19,Sicilia,38.11569725,13.362356699999998,696,117,813,24316,25129,-600,539,124825,4187,,,154141,2513610,1144611,,2,,,154141,0,1771619,741991,ITG,ITG1
2021-03-04T17:00:00,ITA,19,Sicilia,38.11569725,13.362356699999998,676,118,794,23751,24545,-584,560,125955,4201,,,154701,2540447,1149114,,6,,,154701,0,1779124,761323,ITG,ITG1
2021-03-05T17:00:00,ITA,19,Sicilia,38.11569725,13.362356699999998,670,120,790,21888,22678,-1867,519,128329,4213,,,155220,2563608,1153443,,6,,,155220,0,1786340,777268,ITG,ITG1
2021-03-06T17:00:00,ITA,19,Sicilia,38.11569725,13.362356699999998,662,121,783,18944,19727,-2951,592,131862,4223,,,155812,2589844,1158058,,6,,,155812,0,1794032,795812,ITG,ITG1
2021-03-07T17:00:00,ITA,19,Sicilia,38.11569725,13.362356699999998,657,123,780,15940,16720,-3007,576,135433,4235,,,156388,2611985,1162553,,6,,,156388,0,1801525,810460,ITG,ITG1
2021-03-08T17:00:00,ITA,19,Sicilia,38.11569725,13.362356699999998,669,120,789,14610,15399,-1321,515,137250,4254,,,156903,2631181,1166825,,11,,,156903,0,1808645,822536,ITG,ITG1
2021-03-09T17:00:00,ITA,19,Sicilia,38.11569725,13.362356699999998,665,112,777,13425,14202,-1197,595,139024,4272,,,157498,2654023,1171248,,9,,,157498,0,1816018,838005,ITG,ITG1
