data,stato,codice_regione,denominazione_regione,lat,long,ricoverati_con_sintomi,terapia_intensiva,totale_ospedalizzati,isolamento_domiciliare,totale_positivi,variazione_totale_positivi,nuovi_positivi,dimessi_guariti,deceduti,casi_da_sospetto_diagnostico,casi_da_screening,totale_casi,tamponi,casi_testati,note,ingressi_terapia_intensiva,note_test,note_casi
2020-02-24T18:00:00,ITA,01,Piemonte,45.0732745,7.680687483,2,0,2,1,3,0,3,0,0,,,3,141,,,,,
2020-02-25T18:00:00,ITA,01,Piemonte,45.0732745,7.680687483,2,0,2,1,3,0,0,0,0,,,3,141,,,,,
2020-02-26T18:00:00,ITA,01,Piemonte,45.0732745,7.680687483,2,0,2,1,3,0,0,0,0,,,3,156,,,,,
2020-02-27T18:00:00,ITA,01,Piemonte,45.0732745,7.680687483,2,0,2,0,2,-1,-1,0,0,,,2,156,,,,,
2020-02-28T18:00:00,ITA,01,Piemonte,45.0732745,7.680687483,7,0,7,4,11,9,9,0,0,,,11,227,,,,,
2020-02-29T17:00:00,ITA,01,Piemonte,45.0732745,7.680687483,7,0,7,4,11,0,0,0,0,,,11,308,,,,,
2020-03-01T17:00:00,ITA,01,Piemonte,45.0732745,7.680687483,11,2,13,36,49,38,38,0,0,,,49,362,,,,,
2020-03-02T18:00:00,ITA,01,Piemonte,45.0732745,7.680687483,12,2,14,37,51,2,2,0,0,,,51,434,,,,,
2020-03-03T18:00:00,ITA,01,Piemonte,45.0732745,7.680687483,13,3,16,40,56,5,5,0,0,,,56,458,,,,,
2020-03-04T17:00:00,ITA,01,Piemonte,45.0732745,7.680687483,26,13,39,43,82,26,26,0,0,,,82,543,,,,,
2020-03-05T17:00:00,ITA,01,Piemonte,45.0732745,7.680687483,43,17,60,46,106,24,26,0,2,,,108,543,,,,,
2020-03-06T17:00:00,ITA,01,Piemonte,45.0732745,7.680687483,57,30,87,52,139,33,35,0,4,,,143,793,,,,,
2020-03-07T18:00:00,ITA,01,Piemonte,45.0732745,7.680687483,110,38,148,54,202,63,64,0,5,,,207,1046,,,,,
2020-03-08T18:00:00,ITA,01,Piemonte,45.0732745,7.680687483,245,45,290,65,355,153,153,0,5,,,360,1636,,,,,
2020-03-09T18:00:00,ITA,01,Piemonte,45.0732745,7.680687483,222,50,272,65,337,-18,-10,0,13,,,350,1681,,,,,
2020-03-10T18:00:00,ITA,01,Piemonte,45.0732745,7.680687483,306,66,372,64,436,99,103,0,17,,,453,2374,,,,,
2020-03-11T17:00:00,ITA,01,Piemonte,45.0732745,7.680687483,319,75,394,86,480,44,48,0,21,,,501,2431,,,,,
2020-03-12T17:00:00,ITA,01,Piemonte,45.0732745,7.680687483,368,97,465,89,554,74,79,0,26,,,580,2879,,,,,
2020-03-13T17:00:00,ITA,01,Piemonte,45.0732745,7.680687483,556,135,691,103,794,240,260,0,46,,,840,3105,,,,,
2020-03-14T17:00:00,ITA,01,Piemonte,45.0732745,7.680687483,538,150,688,126,814,20,33,0,59,,,873,3680,,,,,
2020-03-15T17:00:00,ITA,01,Piemonte,45.0732745,7.680687483,726,171,897,133,1030,216,238,0,81,,,1111,4375,,,,,
2020-03-16T17:00:00,ITA,01,Piemonte,45.0732745,7.680687483,1045,186,1231,174,1405,375,405,0,111,,,1516,5588,,,,,
2020-03-17T17:00:00,ITA,01,Piemonte,45.0732745,7.680687483,1378,206,1584,180,1764,359,381,0,133,,,1897,6543,,,,,
2020-03-18T17:00:00,ITA,01,Piemonte,45.0732745,7.680687483,1780,227,2007,180,2187,423,444,0,154,,,2341,7516,,,,,
2020-03-19T17:00:00,ITA,01,Piemonte,45.0732745,7.680687483,2279,257,2536,218,2754,567,591,3,175,,,2932,8853,,,,,
2020-03-20T17:00:00,ITA,01,Piemonte,45.0732745,7.680687483,1541,280,1821,1423,3244,490,529,8,209,,,3461,9975,,,,,
2020-03-21T17:00:00,ITA,01,Piemonte,45.0732745,7.680687483,1976,301,2277,1229,3506,262,291,8,238,,,3752,10701,,,,,
2020-03-22T17:00:00,ITA,01,Piemonte,45.0732745,7.680687483,2118,308,2426,1701,4127,621,668,10,283,,,4420,12701,,,,,
2020-03-23T17:00:00,ITA,01,Piemonte,45.0732745,7.680687483,2194,343,2537,1992,4529,402,441,17,315,,,4861,13560,,,,,
2020-03-24T17:00:00,ITA,01,Piemonte,45.0732745,7.680687483,2404,360,2764,2360,5124,595,654,17,374,,,5515,15469,,,,,
2020-03-25T17:00:00,ITA,01,Piemonte,45.0732745,7.680687483,2544,381,2925,2631,5556,432,509,19,449,,,6024,16655,,,,,
2020-03-26T17:00:00,ITA,01,Piemonte,45.0732745,7.680687483,2633,408,3041,2909,5950,394,510,135,449,,,6534,18054,,pd-IT-0006,,,
2020-03-27T17:00:00,ITA,01,Piemonte,45.0732745,7.680687483,2852,431,3283,3064,6347,397,558,176,569,,,7092,19705,,,,,
2020-03-28T17:00:00,ITA,01,Piemonte,45.0732745,7.680687483,3094,439,3533,3318,6851,504,579,203,617,,,7671,21511,,,,,
2020-03-29T17:00:00,ITA,01,Piemonte,45.0732745,7.680687483,2985,443,3428,3840,7268,417,535,254,684,,,8206,24058,,,,,
2020-03-30T17:00:00,ITA,01,Piemonte,45.0732745,7.680687483,2985,452,3437,4218,7655,387,506,308,749,,,8712,25478,,,,,
2020-03-31T17:00:00,ITA,01,Piemonte,45.0732745,7.680687483,3174,452,3626,4456,8082,427,589,365,854,,,9301,27658,,,,,
2020-04-01T17:00:00,ITA,01,Piemonte,45.0732745,7.680687483,3146,453,3599,4871,8470,388,494,439,886,,,9795,30060,,,,,
2020-04-02T17:00:00,ITA,01,Piemonte,45.0732745,7.680687483,3341,453,3794,5005,8799,329,558,571,983,,,10353,32100,,,,,
2020-04-03T17:00:00,ITA,01,Piemonte,45.0732745,7.680687483,3300,452,3752,5378,9130,331,543,723,1043,,,10896,34281,,,,,
2020-04-04T17:00:00,ITA,01,Piemonte,45.0732745,7.680687483,3441,450,3891,5802,9693,563,813,888,1128,,,11709,37181,,,,,
2020-04-05T17:00:00,ITA,01,Piemonte,45.0732745,7.680687483,3472,444,3916,6261,10177,484,653,1017,1168,,,12362,38539,,,,,
2020-04-06T17:00:00,ITA,01,Piemonte,45.0732745,7.680687483,3484,438,3922,6623,10545,368,562,1128,1251,,,12924,41123,,,,,
2020-04-07T17:00:00,ITA,01,Piemonte,45.0732745,7.680687483,3553,432,3985,6719,10704,159,419,1320,1319,,,13343,44121,,,,,
2020-04-08T17:00:00,ITA,01,Piemonte,45.0732745,7.680687483,3493,423,3916,7073,10989,285,540,1516,1378,,,13883,48495,,,,,
2020-04-09T17:00:00,ITA,01,Piemonte,45.0732745,7.680687483,3514,412,3926,7410,11336,347,639,1732,1454,,,14522,52807,,,,,
2020-04-10T17:00:00,ITA,01,Piemonte,45.0732745,7.680687483,3497,394,3891,7685,11576,240,490,1904,1532,,,15012,57457,,,,,
2020-04-11T17:00:00,ITA,01,Piemonte,45.0732745,7.680687483,3435,384,3819,8351,12170,594,996,2205,1633,,,16008,62577,,,,,
2020-04-12T17:00:00,ITA,01,Piemonte,45.0732745,7.680687483,3429,381,3810,8695,12505,335,652,2426,1729,,,16660,66555,,,,,
2020-04-13T17:00:00,ITA,01,Piemonte,45.0732745,7.680687483,3344,379,3723,9042,12765,260,474,2543,1826,,,17134,69170,,,,,
2020-04-14T17:00:00,ITA,01,Piemonte,45.0732745,7.680687483,3395,367,3762,9293,13055,290,556,2708,1927,,,17690,71678,,,,,
2020-04-15T17:00:00,ITA,01,Piemonte,45.0732745,7.680687483,3338,366,3704,9491,13195,140,539,3019,2015,,,18229,75664,,,,,
2020-04-16T17:00:00,ITA,01,Piemonte,45.0732745,7.680687483,3418,346,3764,10019,13783,588,879,3231,2094,,,19108,80708,,,,,
2020-04-17T17:00:00,ITA,01,Piemonte,45.0732745,7.680687483,3266,333,3599,10399,13998,215,695,3634,2171,,,19803,86714,,,,,
2020-04-18T17:00:00,ITA,01,Piemonte,45.0732745,7.680687483,3271,323,3594,10629,14223,225,661,3989,2252,,,20464,91844,,,,,
2020-04-19T17:00:00,ITA,01,Piemonte,45.0732745,7.680687483,3201,305,3506,10964,14470,247,593,4256,2331,,,21057,96569,71644,,,,
2020-04-20T17:00:00,ITA,01,Piemonte,45.0732745,7.680687483,3299,301,3600,10957,14557,87,292,4383,2409,,,21349,99669,73192,,,,
2020-04-21T17:00:00,ITA,01,Piemonte,45.0732745,7.680687483,3116,293,3409,11402,14811,254,606,4659,2485,,,21955,105434,76406,,,,
2020-04-22T17:00:00,ITA,01,Piemonte,45.0732745,7.680687483,3213,273,3486,11636,15122,311,784,5058,2559,,,22739,111513,81176,,,,
2020-04-23T17:00:00,ITA,01,Piemonte,45.0732745,7.680687483,3039,261,3300,11852,15152,30,401,5358,2630,,,23140,117970,84648,,,,
2020-04-24T17:00:00,ITA,01,Piemonte,45.0732745,7.680687483,2918,257,3175,12216,15391,239,682,5732,2699,,,23822,125300,89392,,,,
2020-04-25T17:00:00,ITA,01,Piemonte,45.0732745,7.680687483,2937,238,3175,12327,15502,111,604,6157,2767,,,24426,131107,93325,,,,
2020-04-26T17:00:00,ITA,01,Piemonte,45.0732745,7.680687483,2866,214,3080,12439,15519,17,394,6478,2823,,,24820,135142,96977,,,,
2020-04-27T17:00:00,ITA,01,Piemonte,45.0732745,7.680687483,2830,214,3044,12464,15508,-11,278,6712,2878,,,25098,139348,99144,,,,
2020-04-28T17:00:00,ITA,01,Piemonte,45.0732745,7.680687483,2701,202,2903,12603,15506,-2,352,7008,2936,,,25450,144531,102514,,,,
2020-04-29T17:00:00,ITA,01,Piemonte,45.0732745,7.680687483,2637,202,2839,12682,15521,15,411,7337,3003,,,25861,151266,106179,,,,
2020-04-30T17:00:00,ITA,01,Piemonte,45.0732745,7.680687483,2621,199,2820,12673,15493,-28,428,7730,3066,,,26289,156534,110157,,,,
2020-05-01T17:00:00,ITA,01,Piemonte,45.0732745,7.680687483,2503,181,2684,12878,15562,69,395,8025,3097,,,26684,162568,114786,,,,
2020-05-02T17:00:00,ITA,01,Piemonte,45.0732745,7.680687483,2550,178,2728,12991,15719,157,495,8334,3126,,,27179,168479,118814,,,,
2020-05-03T17:00:00,ITA,01,Piemonte,45.0732745,7.680687483,2496,169,2665,12973,15638,-81,251,8640,3152,,,27430,172208,121176,,,,
2020-05-04T17:00:00,ITA,01,Piemonte,45.0732745,7.680687483,2391,161,2552,13010,15562,-76,192,8874,3186,,,27622,176078,123801,,,,
2020-05-05T17:00:00,ITA,01,Piemonte,45.0732745,7.680687483,2307,155,2462,12861,15323,-239,152,9235,3216,,,27774,181316,126685,,,,
2020-05-06T17:00:00,ITA,01,Piemonte,45.0732745,7.680687483,2147,150,2297,12561,14858,-465,165,9834,3247,,,27939,188057,131269,,,,
2020-05-07T17:00:00,ITA,01,Piemonte,45.0732745,7.680687483,2147,150,2297,12172,14469,-389,196,10384,3282,,,28135,194584,134567,,,,
2020-05-08T17:00:00,ITA,01,Piemonte,45.0732745,7.680687483,2013,140,2153,11954,14107,-362,233,10956,3305,,,28368,201183,138830,,,,
2020-05-09T17:00:00,ITA,01,Piemonte,45.0732745,7.680687483,2010,143,2153,11781,13934,-173,181,11284,3331,,,28549,205800,141515,,,,
2020-05-10T17:00:00,ITA,01,Piemonte,45.0732745,7.680687483,2024,137,2161,11489,13650,-284,116,11648,3367,,,28665,210370,145131,,,,
2020-05-11T17:00:00,ITA,01,Piemonte,45.0732745,7.680687483,2021,135,2156,11182,13338,-312,111,12038,3400,,,28776,213783,147318,,,,
2020-05-12T17:00:00,ITA,01,Piemonte,45.0732745,7.680687483,1900,136,2036,11148,13184,-154,113,12277,3428,,,28889,218071,149386,,,,
2020-05-13T17:00:00,ITA,01,Piemonte,45.0732745,7.680687483,1858,122,1980,10511,12491,-693,169,13107,3460,,,29058,224788,154504,,,,
2020-05-14T17:00:00,ITA,01,Piemonte,45.0732745,7.680687483,1775,116,1891,10000,11891,-600,151,13825,3493,,,29209,232682,158112,,,,
2020-05-15T17:00:00,ITA,01,Piemonte,45.0732745,7.680687483,1593,108,1701,9412,11113,-778,137,14676,3557,,,29346,239507,161854,,,,
2020-05-16T17:00:00,ITA,01,Piemonte,45.0732745,7.680687483,1562,100,1662,9040,10702,-411,137,15187,3594,,,29483,245075,165849,,,,
2020-05-17T17:00:00,ITA,01,Piemonte,45.0732745,7.680687483,1620,101,1721,8518,10239,-463,64,15696,3612,,,29547,249371,168295,,,,
2020-05-18T17:00:00,ITA,01,Piemonte,45.0732745,7.680687483,1589,99,1688,8186,9874,-365,72,16113,3632,,,29619,253479,170556,,,,
2020-05-19T17:00:00,ITA,01,Piemonte,45.0732745,7.680687483,1579,96,1675,7960,9635,-239,108,16413,3679,,,29727,258489,173201,,,,
2020-05-20T17:00:00,ITA,01,Piemonte,45.0732745,7.680687483,1513,96,1609,7542,9151,-484,158,17016,3718,,,29885,264624,177088,,,,
2020-05-21T17:00:00,ITA,01,Piemonte,45.0732745,7.680687483,1479,83,1562,7148,8710,-441,105,17538,3742,,,29990,271286,179877,,,,
2020-05-22T17:00:00,ITA,01,Piemonte,45.0732745,7.680687483,1414,79,1493,6959,8452,-258,87,17868,3757,,,30077,276633,182970,,,,
2020-05-23T17:00:00,ITA,01,Piemonte,45.0732745,7.680687483,1291,76,1367,6658,8025,-427,60,18341,3771,,,30137,281897,185963,,,,
2020-05-24T17:00:00,ITA,01,Piemonte,45.0732745,7.680687483,1283,75,1358,6345,7703,-322,43,18694,3783,,,30180,285160,188716,,,,
2020-05-25T17:00:00,ITA,01,Piemonte,45.0732745,7.680687483,1227,72,1299,6197,7496,-207,48,18934,3798,,,30228,288018,191129,,,,
2020-05-26T17:00:00,ITA,01,Piemonte,45.0732745,7.680687483,1162,70,1232,5709,6941,-555,86,19561,3812,,,30314,293473,193954,,,,
2020-05-27T17:00:00,ITA,01,Piemonte,45.0732745,7.680687483,1118,68,1186,5278,6464,-477,73,20095,3828,,,30387,298571,196790,,,,
2020-05-28T17:00:00,ITA,01,Piemonte,45.0732745,7.680687483,1058,64,1122,4950,6072,-392,58,20535,3838,,,30445,304358,199286,,,,
2020-05-29T17:00:00,ITA,01,Piemonte,45.0732745,7.680687483,1029,61,1090,4568,5658,-414,56,20992,3851,,,30501,309497,202227,,,,
2020-05-30T17:00:00,ITA,01,Piemonte,45.0732745,7.680687483,988,60,1048,4242,5290,-368,82,21435,3858,,,30583,315828,205102,,,,
2020-05-31T17:00:00,ITA,01,Piemonte,45.0732745,7.680687483,973,58,1031,4130,5161,-129,54,21609,3867,,,30637,319133,207714,,,,
2020-06-01T17:00:00,ITA,01,Piemonte,45.0732745,7.680687483,904,54,958,4104,5062,-99,21,21720,3876,,,30658,321476,209006,,,,
2020-06-02T17:00:00,ITA,01,Piemonte,45.0732745,7.680687483,849,46,895,3933,4828,-234,57,22003,3884,,,30715,325097,211174,,,,
2020-06-03T17:00:00,ITA,01,Piemonte,45.0732745,7.680687483,841,44,885,3801,4686,-142,19,22150,3898,,,30734,327206,212012,,,,
2020-06-04T17:00:00,ITA,01,Piemonte,45.0732745,7.680687483,808,43,851,3705,4556,-130,24,22292,3910,,,30758,331241,214551,,,,
2020-06-05T17:00:00,ITA,01,Piemonte,45.0732745,7.680687483,743,40,783,3586,4369,-187,49,22511,3927,,,30807,335814,217032,,,,
2020-06-06T17:00:00,ITA,01,Piemonte,45.0732745,7.680687483,684,37,721,3446,4167,-202,38,22744,3934,,,30845,340176,219444,,,,
2020-06-07T17:00:00,ITA,01,Piemonte,45.0732745,7.680687483,659,38,697,3265,3962,-205,10,22952,3941,,,30855,343354,221367,,,,
2020-06-08T17:00:00,ITA,01,Piemonte,45.0732745,7.680687483,633,36,669,3197,3866,-96,14,23049,3954,,,30869,344924,222000,,,,
2020-06-09T17:00:00,ITA,01,Piemonte,45.0732745,7.680687483,599,39,638,3033,3671,-195,21,23258,3961,,,30890,348770,224293,,,,
2020-06-10T17:00:00,ITA,01,Piemonte,45.0732745,7.680687483,564,35,599,2773,3372,-299,26,23568,3976,,,30916,353737,226874,,,,
2020-06-11T17:00:00,ITA,01,Piemonte,45.0732745,7.680687483,544,33,577,2606,3183,-189,42,23787,3988,,,30958,357957,229096,,,,
2020-06-12T17:00:00,ITA,01,Piemonte,45.0732745,7.680687483,527,30,557,2340,2897,-286,31,24096,3996,,,30989,361164,230888,,,,
2020-06-13T17:00:00,ITA,01,Piemonte,45.0732745,7.680687483,510,27,537,2283,2820,-77,40,24203,4006,,,31029,365223,232980,,,,
2020-06-14T17:00:00,ITA,01,Piemonte,45.0732745,7.680687483,517,26,543,2105,2648,-172,30,24399,4012,,,31059,368065,234561,,,,
2020-06-15T17:00:00,ITA,01,Piemonte,45.0732745,7.680687483,517,28,545,2059,2604,-44,2,24445,4012,,,31061,369294,234980,,,,
2020-06-16T17:00:00,ITA,01,Piemonte,45.0732745,7.680687483,472,28,500,1950,2450,-154,29,24622,4018,,,31090,372948,236721,,,,
2020-06-17T17:00:00,ITA,01,Piemonte,45.0732745,7.680687483,448,25,473,1912,2385,-65,41,24720,4026,,,31131,377165,238650,,,,
2020-06-18T17:00:00,ITA,01,Piemonte,45.0732745,7.680687483,397,25,422,1868,2290,-95,31,24840,4032,,,31162,380395,241279,,,,
2020-06-19T17:00:00,ITA,01,Piemonte,45.0732745,7.680687483,363,22,385,1793,2178,-112,26,24971,4039,,,31188,384705,243025,,,,
2020-06-20T17:00:00,ITA,01,Piemonte,45.0732745,7.680687483,358,17,375,1713,2088,-90,27,25082,4045,,,31215,387713,244951,,,,
2020-06-21T17:00:00,ITA,01,Piemonte,45.0732745,7.680687483,356,19,375,1638,2013,-75,26,25177,4051,,,31241,390209,246075,,,,
2020-06-22T17:00:00,ITA,01,Piemonte,45.0732745,7.680687483,346,19,365,1605,1970,-43,7,25223,4055,,,31248,391668,246563,,,,
2020-06-23T17:00:00,ITA,01,Piemonte,45.0732745,7.680687483,330,18,348,1522,1870,-100,6,25325,4059,,,31254,394940,247598,,,,
2020-06-24T17:00:00,ITA,01,Piemonte,45.0732745,7.680687483,334,18,352,1378,1730,-140,22,25480,4066,,,31276,398623,249804,,,,
2020-06-25T17:00:00,ITA,01,Piemonte,45.0732745,7.680687483,316,15,331,1350,1681,-49,20,25544,4071,27972,3324,31296,402181,252094,,,,
2020-06-26T17:00:00,ITA,01,Piemonte,45.0732745,7.680687483,307,14,321,1264,1585,-96,15,25649,4077,27693,3618,31311,406121,253971,,,,
2020-06-27T17:00:00,ITA,01,Piemonte,45.0732745,7.680687483,303,12,315,1188,1503,-82,11,25739,4080,27491,3831,31322,408836,255473,,,,
2020-06-28T17:00:00,ITA,01,Piemonte,45.0732745,7.680687483,305,12,317,1178,1495,-8,14,25756,4085,27436,3900,31336,410813,257049,,,,
2020-06-29T17:00:00,ITA,01,Piemonte,45.0732745,7.680687483,283,11,294,1196,1490,-5,2,25761,4087,27422,3916,31338,411939,257579,,,,
2020-06-30T17:00:00,ITA,01,Piemonte,45.0732745,7.680687483,267,12,279,1144,1423,-67,11,25836,4090,27273,4076,31349,415257,259420,,,,
2020-07-01T17:00:00,ITA,01,Piemonte,45.0732745,7.680687483,260,11,271,1082,1353,-70,16,25921,4091,27132,4233,31365,419291,261774,,,,
2020-07-02T17:00:00,ITA,01,Piemonte,45.0732745,7.680687483,248,11,259,1040,1299,-54,13,25983,4096,26969,4409,31378,422647,263385,,,,
2020-07-03T17:00:00,ITA,01,Piemonte,45.0732745,7.680687483,235,10,245,1030,1275,-24,16,26019,4100,26872,4522,31394,425052,264608,,,,
2020-07-04T17:00:00,ITA,01,Piemonte,45.0732745,7.680687483,225,9,234,983,1217,-58,11,26086,4102,26713,4692,31405,427590,266238,,,,
2020-07-05T17:00:00,ITA,01,Piemonte,45.0732745,7.680687483,226,9,235,982,1217,0,18,26104,4102,26686,4737,31423,430300,267961,,,,
2020-07-06T17:00:00,ITA,01,Piemonte,45.0732745,7.680687483,210,9,219,989,1208,-9,6,26117,4104,26659,4770,31429,431761,268189,,,,
2020-07-07T17:00:00,ITA,01,Piemonte,45.0732745,7.680687483,210,8,218,955,1173,-35,5,26154,4107,26584,4850,31434,434835,269654,,,,
2020-07-08T17:00:00,ITA,01,Piemonte,45.0732745,7.680687483,205,8,213,927,1140,-33,25,26212,4107,26476,4983,31459,438250,271685,,,,
2020-07-09T17:00:00,ITA,01,Piemonte,45.0732745,7.680687483,193,10,203,921,1124,-16,16,26243,4108,26391,5084,31475,441677,273509,,,,
2020-07-10T17:00:00,ITA,01,Piemonte,45.0732745,7.680687483,193,9,202,873,1075,-49,10,26300,4110,26303,5182,31485,444443,275135,,,,
2020-07-11T17:00:00,ITA,01,Piemonte,45.0732745,7.680687483,190,9,199,870,1069,-6,9,26314,4111,26178,5316,31494,447166,276895,,,,
2020-07-12T17:00:00,ITA,01,Piemonte,45.0732745,7.680687483,190,9,199,859,1058,-11,4,26329,4111,26147,5351,31498,449118,278029,,,,
2020-07-13T17:00:00,ITA,01,Piemonte,45.0732745,7.680687483,180,9,189,864,1053,-5,6,26339,4112,26141,5363,31504,450251,278248,,,,
2020-07-14T17:00:00,ITA,01,Piemonte,45.0732745,7.680687483,175,9,184,730,914,-139,3,26478,4115,26106,5401,31507,454092,280065,,,,
2020-07-15T17:00:00,ITA,01,Piemonte,45.0732745,7.680687483,163,8,171,716,887,-27,8,26510,4118,26053,5462,31515,456932,281745,,,,
2020-07-16T17:00:00,ITA,01,Piemonte,45.0732745,7.680687483,159,6,165,703,868,-19,7,26536,4118,25982,5540,31522,460019,283577,,,,
2020-07-17T17:00:00,ITA,01,Piemonte,45.0732745,7.680687483,150,6,156,700,856,-12,8,26555,4119,25904,5626,31530,462863,285503,,,,
2020-07-18T17:00:00,ITA,01,Piemonte,45.0732745,7.680687483,150,6,156,691,847,-9,3,26567,4119,25844,5689,31533,465526,287012,,,,
2020-07-19T17:00:00,ITA,01,Piemonte,45.0732745,7.680687483,152,6,158,679,837,-10,3,26580,4119,25823,5713,31536,467185,288174,,,,
2020-07-20T17:00:00,ITA,01,Piemonte,45.0732745,7.680687483,150,6,156,677,833,-4,1,26584,4120,25790,5747,31537,468990,288837,,,,
2020-07-21T17:00:00,ITA,01,Piemonte,45.0732745,7.680687483,144,6,150,663,813,-20,8,26609,4123,25744,5801,31545,472296,290411,,,,
2020-07-22T17:00:00,ITA,01,Piemonte,45.0732745,7.680687483,146,6,152,637,789,-24,13,26646,4123,25673,5885,31558,475380,292191,,,,
2020-07-23T17:00:00,ITA,01,Piemonte,45.0732745,7.680687483,144,6,150,635,785,-4,9,26659,4123,25624,5943,31567,478882,294261,,,,
2020-07-24T17:00:00,ITA,01,Piemonte,45.0732745,7.680687483,147,5,152,624,776,-9,11,26679,4123,25578,6000,31578,481626,295873,,,,
2020-07-25T17:00:00,ITA,01,Piemonte,45.0732745,7.680687483,141,5,146,646,792,16,16,26677,4125,25540,6054,31594,483764,297089,,,,
2020-07-26T17:00:00,ITA,01,Piemonte,45.0732745,7.680687483,143,5,148,654,802,10,12,26678,4126,25461,6145,31606,486073,298776,,,,
2020-07-27T17:00:00,ITA,01,Piemonte,45.0732745,7.680687483,141,5,146,656,802,0,4,26681,4127,25441,6169,31610,487189,299026,,,,
2020-07-28T17:00:00,ITA,01,Piemonte,45.0732745,7.680687483,136,5,141,660,801,-1,12,26694,4127,25398,6224,31622,490394,300716,,,,
2020-07-29T17:00:00,ITA,01,Piemonte,45.0732745,7.680687483,124,5,129,672,801,0,14,26707,4128,25356,6280,31636,493315,302380,,,,
2020-07-30T17:00:00,ITA,01,Piemonte,45.0732745,7.680687483,124,5,129,661,790,-11,10,26728,4128,25317,6329,31646,496601,304335,,,,
2020-07-31T17:00:00,ITA,01,Piemonte,45.0732745,7.680687483,103,5,108,691,799,9,21,26739,4129,25281,6386,31667,499126,305619,,,,
2020-08-01T17:00:00,ITA,01,Piemonte,45.0732745,7.680687483,96,5,101,700,801,2,16,26753,4129,25235,6448,31683,501784,307168,,,,
2020-08-02T17:00:00,ITA,01,Piemonte,45.0732745,7.680687483,95,5,100,710,810,9,15,26759,4129,25209,6489,31698,503678,308574,,,,
2020-08-03T17:00:00,ITA,01,Piemonte,45.0732745,7.680687483,95,5,100,713,813,3,13,26767,4131,25169,6542,31711,504973,309217,,,,
2020-08-04T17:00:00,ITA,01,Piemonte,45.0732745,7.680687483,101,6,107,691,798,-15,8,26789,4132,25147,6572,31719,508134,310492,,,,
2020-08-05T17:00:00,ITA,01,Piemonte,45.0732745,7.680687483,94,4,98,682,780,-18,21,26826,4134,25113,6627,31740,510732,311770,,,,
2020-08-06T17:00:00,ITA,01,Piemonte,45.0732745,7.680687483,90,4,94,684,778,-2,22,26849,4135,25058,6704,31762,513925,313748,,,,
2020-08-07T17:00:00,ITA,01,Piemonte,45.0732745,7.680687483,88,3,91,701,792,14,37,26871,4136,25012,6787,31799,516586,315167,,,,
2020-08-08T17:00:00,ITA,01,Piemonte,45.0732745,7.680687483,87,3,90,700,790,-2,31,26904,4136,24959,6871,31830,519034,316746,,,,
2020-08-09T17:00:00,ITA,01,Piemonte,45.0732745,7.680687483,85,3,88,734,822,32,38,26910,4136,24929,6939,31868,521071,318480,,,,
2020-08-10T17:00:00,ITA,01,Piemonte,45.0732745,7.680687483,87,3,90,719,809,-13,20,26943,4136,24928,6960,31888,522100,318659,,,,
2020-08-11T17:00:00,ITA,01,Piemonte,45.0732745,7.680687483,85,3,88,734,822,13,26,26956,4136,24895,7019,31914,524849,319943,,,,
2020-08-12T17:00:00,ITA,01,Piemonte,45.0732745,7.680687483,76,3,79,776,855,33,42,26963,4138,24841,7115,31956,527588,321651,,,,
2020-08-13T17:00:00,ITA,01,Piemonte,45.0732745,7.680687483,77,3,80,784,864,9,26,26979,4139,24807,7175,31982,530384,322956,,,,
2020-08-14T17:00:00,ITA,01,Piemonte,45.0732745,7.680687483,77,3,80,794,874,10,15,26984,4139,24812,7185,31997,531625,323723,"A causa di un guasto tecnico della rete dei sistemi informativi regionali che ha riguardato anche la Piattaforma COVID-19, i dati odierni potrebbero risultare sottostimati. Si provvederà tempestivamente al loro aggiornamento.",,,
2020-08-15T17:00:00,ITA,01,Piemonte,45.0732745,7.680687483,81,3,84,796,880,6,47,27025,4139,24747,7297,32044,533845,324996,"Dei 47 casi positivi, 15 sono diagnosi del 13 agosto inserite in ritardo a causa di un guasto tecnico che ha riguardato la Piattaforma COVID-19 Regione Piemonte.",,,
2020-08-16T17:00:00,ITA,01,Piemonte,45.0732745,7.680687483,80,3,83,782,865,-15,40,27080,4139,24733,7351,32084,535766,326513,,,,
2020-08-17T17:00:00,ITA,01,Piemonte,45.0732745,7.680687483,75,2,77,797,874,9,16,27086,4140,24731,7369,32100,537147,327181,,,,
2020-08-18T17:00:00,ITA,01,Piemonte,45.0732745,7.680687483,80,3,83,814,897,23,27,27089,4141,24713,7414,32127,540445,328753,,,,
2020-08-19T17:00:00,ITA,01,Piemonte,45.0732745,7.680687483,81,3,84,847,931,34,42,27096,4142,24684,7485,32169,543744,330412,,,,
2020-08-20T17:00:00,ITA,01,Piemonte,45.0732745,7.680687483,83,3,86,891,977,46,52,27102,4142,24645,7576,32221,548568,334082,,,,
2020-08-21T17:00:00,ITA,01,Piemonte,45.0732745,7.680687483,85,4,89,912,1001,24,39,27117,4142,24617,7643,32260,552333,336656,,,,
2020-08-22T17:00:00,ITA,01,Piemonte,45.0732745,7.680687483,80,4,84,947,1031,30,41,27127,4143,24599,7702,32301,555594,338684,,,,
2020-08-23T17:00:00,ITA,01,Piemonte,45.0732745,7.680687483,78,5,83,978,1061,30,42,27139,4143,24571,7772,32343,558919,341447,,,,
2020-08-24T17:00:00,ITA,01,Piemonte,45.0732745,7.680687483,83,5,88,1007,1095,34,40,27145,4143,24557,7826,32383,560823,342897,,,,
2020-08-25T17:00:00,ITA,01,Piemonte,45.0732745,7.680687483,79,6,85,1057,1142,47,57,27155,4143,24548,7892,32440,564368,344929,,,,
2020-08-26T17:00:00,ITA,01,Piemonte,45.0732745,7.680687483,83,6,89,1119,1208,66,75,27163,4144,24518,7997,32515,569913,348648,,,,
2020-08-27T17:00:00,ITA,01,Piemonte,45.0732745,7.680687483,78,6,84,1197,1281,73,88,27178,4144,24453,8150,32603,574815,351842,,,,
2020-08-28T17:00:00,ITA,01,Piemonte,45.0732745,7.680687483,82,6,88,1258,1346,65,91,27203,4145,24420,8274,32694,579034,354777,,,,
2020-08-29T17:00:00,ITA,01,Piemonte,45.0732745,7.680687483,81,5,86,1297,1383,37,90,27256,4145,24402,8382,32784,582786,357323,,,,
2020-08-30T17:00:00,ITA,01,Piemonte,45.0732745,7.680687483,85,5,90,1315,1405,22,60,27293,4146,24400,8444,32844,585831,359814,,,,
2020-08-31T17:00:00,ITA,01,Piemonte,45.0732745,7.680687483,98,7,105,1327,1432,27,37,27303,4146,24398,8483,32881,587908,360988,,,,
2020-09-01T17:00:00,ITA,01,Piemonte,45.0732745,7.680687483,92,7,99,1365,1464,32,42,27313,4146,24382,8541,32923,591905,363196,,,,
2020-09-02T17:00:00,ITA,01,Piemonte,45.0732745,7.680687483,90,7,97,1424,1521,57,66,27321,4147,24332,8657,32989,597168,366797,,,,
2020-09-03T17:00:00,ITA,01,Piemonte,45.0732745,7.680687483,92,7,99,1487,1586,65,75,27330,4148,24308,8756,33064,601368,369467,,,,
2020-09-04T17:00:00,ITA,01,Piemonte,45.0732745,7.680687483,110,7,117,1531,1648,62,82,27349,4149,24291,8855,33146,605811,372210,,,,
2020-09-05T17:00:00,ITA,01,Piemonte,45.0732745,7.680687483,106,7,113,1572,1685,37,54,27365,4150,24260,8940,33200,609316,374263,,,,
2020-09-06T17:00:00,ITA,01,Piemonte,45.0732745,7.680687483,111,8,119,1608,1727,42,56,27379,4150,24235,9021,33256,612212,376721,,,,
2020-09-07T17:00:00,ITA,01,Piemonte,45.0732745,7.680687483,105,8,113,1639,1752,25,37,27390,4151,24175,9118,33293,614762,378191,,,,
2020-09-08T17:00:00,ITA,01,Piemonte,45.0732745,7.680687483,104,9,113,1656,1769,17,42,27414,4152,24139,9196,33335,618710,380476,,,,
2020-09-09T17:00:00,ITA,01,Piemonte,45.0732745,7.680687483,100,9,109,1755,1864,95,112,27431,4152,24122,9325,33447,623285,383250,,,,
2020-09-10T17:00:00,ITA,01,Piemonte,45.0732745,7.680687483,110,9,119,1799,1918,54,74,27450,4153,24096,9425,33521,627817,385183,,,,
2020-09-11T17:00:00,ITA,01,Piemonte,45.0732745,7.680687483,102,9,111,1849,1960,42,57,27465,4153,24060,9518,33578,631085,386993,,,,
2020-09-12T17:00:00,ITA,01,Piemonte,45.0732745,7.680687483,104,9,113,1917,2030,70,93,27488,4153,24034,9637,33671,634323,388781,,,,
2020-09-13T17:00:00,ITA,01,Piemonte,45.0732745,7.680687483,100,8,108,1989,2097,67,82,27503,4153,23979,9774,33753,638051,391637,,,,
2020-09-14T17:00:00,ITA,01,Piemonte,45.0732745,7.680687483,114,9,123,2006,2129,32,61,27532,4153,23990,9824,33814,640885,393413,,,,
2020-09-15T17:00:00,ITA,01,Piemonte,45.0732745,7.680687483,112,8,120,2037,2157,28,39,27543,4153,23962,9891,33853,644624,394783,,,,
2020-09-16T17:00:00,ITA,01,Piemonte,45.0732745,7.680687483,123,6,129,2098,2227,70,117,27590,4153,23957,10013,33970,649585,397218,,,,
2020-09-17T17:00:00,ITA,01,Piemonte,45.0732745,7.680687483,136,6,142,2080,2222,-5,70,27665,4153,23925,10115,34040,654457,399601,,,,
2020-09-18T17:00:00,ITA,01,Piemonte,45.0732745,7.680687483,140,6,146,2116,2262,40,127,27752,4153,23856,10311,34167,659243,401619,,,,
2020-09-19T17:00:00,ITA,01,Piemonte,45.0732745,7.680687483,140,6,146,2158,2304,42,74,27783,4154,23816,10425,34241,663091,403513,,,,
2020-09-20T17:00:00,ITA,01,Piemonte,45.0732745,7.680687483,142,7,149,2177,2326,22,98,27859,4154,23698,10641,34339,668312,407611,,,,
2020-09-21T17:00:00,ITA,01,Piemonte,45.0732745,7.680687483,143,7,150,2208,2358,32,57,27883,4155,23667,10729,34396,670699,410265,,,,
2020-09-22T17:00:00,ITA,01,Piemonte,45.0732745,7.680687483,164,7,171,2222,2393,35,84,27931,4156,23572,10908,34480,676662,411192,,,,
2020-09-23T17:00:00,ITA,01,Piemonte,45.0732745,7.680687483,163,8,171,2247,2418,25,95,28000,4157,23482,11093,34575,682282,413848,,,,
2020-09-24T17:00:00,ITA,01,Piemonte,45.0732745,7.680687483,165,9,174,2288,2462,44,104,28059,4158,23374,11305,34679,688648,417396,,,,
2020-09-25T17:00:00,ITA,01,Piemonte,45.0732745,7.680687483,163,9,172,2330,2502,40,120,28138,4159,23289,11510,34799,694932,420303,,,,
2020-09-26T17:00:00,ITA,01,Piemonte,45.0732745,7.680687483,164,10,174,2389,2563,61,107,28183,4160,23264,11642,34906,700349,423689,,,,
2020-09-27T17:00:00,ITA,01,Piemonte,45.0732745,7.680687483,166,10,176,2457,2633,70,132,28244,4161,23230,11808,35038,704623,426733,,,,
2020-09-28T17:00:00,ITA,01,Piemonte,45.0732745,7.680687483,180,12,192,2492,2684,51,94,28287,4161,23202,11930,35132,707709,428535,,,,
2020-09-29T17:00:00,ITA,01,Piemonte,45.0732745,7.680687483,193,12,205,2527,2732,48,100,28337,4163,23262,11970,35232,714369,431233,,,,
2020-09-30T17:00:00,ITA,01,Piemonte,45.0732745,7.680687483,196,12,208,2636,2844,112,170,28394,4164,23357,12045,35402,720973,434855,,,,
2020-10-01T17:00:00,ITA,01,Piemonte,45.0732745,7.680687483,203,12,215,2692,2907,63,110,28440,4165,23430,12082,35512,726046,436125,,,,
2020-10-02T17:00:00,ITA,01,Piemonte,45.0732745,7.680687483,217,13,230,2830,3060,153,219,28505,4166,23594,12137,35731,732595,438901,"Dei 219 casi, 58 sono riallineamenti riferiti alla giornata di ieri. ",,,
2020-10-03T17:00:00,ITA,01,Piemonte,45.0732745,7.680687483,214,12,226,3051,3277,217,279,28567,4166,23810,12200,36010,739155,442510,,,,
2020-10-04T17:00:00,ITA,01,Piemonte,45.0732745,7.680687483,216,13,229,3141,3370,93,173,28646,4167,23920,12263,36183,744159,446474,,,,
2020-10-05T17:00:00,ITA,01,Piemonte,45.0732745,7.680687483,273,15,288,3135,3423,53,129,28721,4168,23944,12368,36312,748061,447344,,,,
2020-10-06T17:00:00,ITA,01,Piemonte,45.0732745,7.680687483,293,15,308,3274,3582,159,259,28819,4170,23999,12572,36571,756165,452847,,,,
2020-10-07T17:00:00,ITA,01,Piemonte,45.0732745,7.680687483,297,15,312,3412,3724,142,287,28962,4172,24075,12783,36858,763688,456021,,,,
2020-10-08T17:00:00,ITA,01,Piemonte,45.0732745,7.680687483,311,16,327,3652,3979,255,336,29043,4172,24168,13026,37194,771156,459191,,,,
2020-10-09T17:00:00,ITA,01,Piemonte,45.0732745,7.680687483,345,22,367,3943,4310,331,401,29113,4172,24243,13352,37595,777967,462323,,,,
2020-10-10T17:00:00,ITA,01,Piemonte,45.0732745,7.680687483,354,22,376,4365,4741,431,499,29179,4174,24363,13731,38094,786555,467397,,,,
2020-10-11T17:00:00,ITA,01,Piemonte,45.0732745,7.680687483,378,24,402,4654,5056,315,409,29270,4177,24480,14023,38503,793035,472398,,,,
2020-10-12T17:00:00,ITA,01,Piemonte,45.0732745,7.680687483,457,22,479,4984,5463,407,454,29314,4180,24579,14378,38957,799421,476939,,,,
2020-10-13T17:00:00,ITA,01,Piemonte,45.0732745,7.680687483,483,30,513,5452,5965,502,585,29394,4183,24702,14840,39542,808603,480303,,,,
2020-10-14T17:00:00,ITA,01,Piemonte,45.0732745,7.680687483,562,33,595,5792,6387,422,499,29467,4187,24827,15214,40041,814570,482280,,,,
2020-10-15T17:00:00,ITA,01,Piemonte,45.0732745,7.680687483,595,40,635,6673,7308,921,1033,29576,4190,25197,15877,41074,828712,489887,,,,
2020-10-16T17:00:00,ITA,01,Piemonte,45.0732745,7.680687483,658,43,701,7357,8058,750,821,29643,4194,25387,16508,41895,838419,493847,,,,
2020-10-17T17:00:00,ITA,01,Piemonte,45.0732745,7.680687483,701,51,752,8128,8880,822,972,29791,4196,25648,17219,42867,849485,498420,,,,
2020-10-18T17:00:00,ITA,01,Piemonte,45.0732745,7.680687483,780,55,835,8998,9833,953,1123,29959,4198,25943,18047,43990,859206,505300,,,,
2020-10-19T17:00:00,ITA,01,Piemonte,45.0732745,7.680687483,883,61,944,9663,10607,774,933,30113,4203,26243,18680,44923,868770,511428,,,,
2020-10-20T17:00:00,ITA,01,Piemonte,45.0732745,7.680687483,1037,62,1099,10783,11882,1275,1396,30228,4209,25539,20780,46319,881788,519289,,,,
2020-10-21T17:00:00,ITA,01,Piemonte,45.0732745,7.680687483,1111,74,1185,12250,13435,1553,1799,30467,4216,26093,22025,48118,895399,529281,,,,
2020-10-22T17:00:00,ITA,01,Piemonte,45.0732745,7.680687483,1226,79,1305,13475,14780,1345,1550,30661,4227,26564,23104,49668,906964,537462,,,,
2020-10-23T17:00:00,ITA,01,Piemonte,45.0732745,7.680687483,1362,84,1446,15016,16462,1682,2032,31002,4236,27151,24549,51700,919629,547164,,,,
2020-10-24T17:00:00,ITA,01,Piemonte,45.0732745,7.680687483,1483,88,1571,16272,17843,1381,1548,31157,4248,27787,25461,53248,931476,556121,,,,
2020-10-25T17:00:00,ITA,01,Piemonte,45.0732745,7.680687483,1601,94,1695,18182,19877,2034,2287,31399,4259,28556,26979,55535,944133,566796,,,,
2020-10-26T17:00:00,ITA,01,Piemonte,45.0732745,7.680687483,1849,102,1951,19316,21267,1390,1625,31620,4273,29063,28097,57160,955500,574505,,,,
2020-10-27T17:00:00,ITA,01,Piemonte,45.0732745,7.680687483,2016,121,2137,21103,23240,1973,2458,32092,4286,30000,29618,59618,968047,585298,,,,
2020-10-28T17:00:00,ITA,01,Piemonte,45.0732745,7.680687483,2237,135,2372,23415,25787,2547,2827,32353,4305,30854,31591,62445,984720,599224,,,,
2020-10-29T17:00:00,ITA,01,Piemonte,45.0732745,7.680687483,2381,146,2527,25364,27891,2104,2585,32807,4332,31834,33196,65030,997507,609925,,,,
2020-10-30T17:00:00,ITA,01,Piemonte,45.0732745,7.680687483,2547,159,2706,27682,30388,2497,2719,33006,4355,32595,35154,67749,1013484,623529,,,,
2020-10-31T17:00:00,ITA,01,Piemonte,45.0732745,7.680687483,2683,174,2857,29967,32824,2436,2887,33429,4383,33634,37002,70636,1029059,636308,,,,
2020-11-01T17:00:00,ITA,01,Piemonte,45.0732745,7.680687483,2844,179,3023,31391,34414,1590,2024,33852,4394,33810,38850,72660,1039308,643829,,,,
2020-11-02T17:00:00,ITA,01,Piemonte,45.0732745,7.680687483,3108,196,3304,32791,36095,1681,2003,34153,4415,34275,40388,74663,1050421,652762,,,,
2020-11-03T17:00:00,ITA,01,Piemonte,45.0732745,7.680687483,3379,213,3592,35121,38713,2618,3169,34675,4444,35311,42521,77832,1063115,664753,,,,
2020-11-04T17:00:00,ITA,01,Piemonte,45.0732745,7.680687483,3525,233,3758,37819,41577,2864,3577,35351,4481,36401,45008,81409,1079137,675549,,,,
2020-11-05T17:00:00,ITA,01,Piemonte,45.0732745,7.680687483,3698,249,3947,40027,43974,2397,3171,36086,4520,37804,46776,84580,1095992,687826,,,,
2020-11-06T17:00:00,ITA,01,Piemonte,45.0732745,7.680687483,3871,268,4139,43777,47916,3942,4878,36993,4549,39162,50296,89458,1117280,703606,,,,
2020-11-07T17:00:00,ITA,01,Piemonte,45.0732745,7.680687483,4122,284,4406,47083,51489,3573,4437,37812,4594,40806,53089,93895,1134670,715993,,,,
2020-11-08T17:00:00,ITA,01,Piemonte,45.0732745,7.680687483,4367,304,4671,49526,54197,2708,3884,38953,4629,42321,55458,97779,1149489,726199,,,,
2020-11-09T17:00:00,ITA,01,Piemonte,45.0732745,7.680687483,4540,312,4852,51404,56256,2059,2876,39721,4678,43124,57531,100655,1162525,735109,,,,
2020-11-10T17:00:00,ITA,01,Piemonte,45.0732745,7.680687483,4715,325,5040,53795,58835,2579,3659,40737,4742,44444,59870,104314,1178337,745706,,,,
2020-11-11T17:00:00,ITA,01,Piemonte,45.0732745,7.680687483,4790,340,5130,55224,60354,1519,2953,42087,4826,45698,61569,107267,1191915,755259,,,,
2020-11-12T17:00:00,ITA,01,Piemonte,45.0732745,7.680687483,4833,348,5181,58017,63198,2844,4787,43953,4903,47320,64734,112054,1216816,770475,,,,
2020-11-13T17:00:00,ITA,01,Piemonte,45.0732745,7.680687483,4890,353,5243,61411,66654,3456,5258,45694,4964,49229,68083,117312,1239594,785558,,,,
2020-11-14T17:00:00,ITA,01,Piemonte,45.0732745,7.680687483,4902,360,5262,63953,69215,2561,4471,47567,5001,50978,70805,121783,1259309,798081,,,,
2020-11-15T17:00:00,ITA,01,Piemonte,45.0732745,7.680687483,4921,372,5293,65936,71229,2014,3682,49190,5046,52536,72929,125465,1273021,806208,,,,
2020-11-16T17:00:00,ITA,01,Piemonte,45.0732745,7.680687483,5074,378,5452,67488,72940,1711,3476,50884,5117,53935,75006,128941,1288923,815862,,,,
2020-11-17T17:00:00,ITA,01,Piemonte,45.0732745,7.680687483,5150,384,5534,68252,73786,846,2606,52571,5190,55023,76524,131547,1305054,826436,,,,
2020-11-18T17:00:00,ITA,01,Piemonte,45.0732745,7.680687483,5208,388,5596,69468,75064,1278,3281,54511,5253,56287,78541,134828,1322809,836881,,,,
2020-11-19T17:00:00,ITA,01,Piemonte,45.0732745,7.680687483,5147,390,5537,71700,77237,2173,5349,57609,5331,58272,81905,140177,1364685,865428,Il numero è sensibilmente superiore alla media giornaliera di tamponi effettuati in Piemonte perché include il caricamento di una quota di dati relativa agli screening effettuati nei giorni scorsi all’interno delle RSA.,,,
2020-11-20T17:00:00,ITA,01,Piemonte,45.0732745,7.680687483,5225,393,5618,70927,76545,-692,3861,62074,5419,62133,81905,144038,1386198,875229,,,,
2020-11-21T17:00:00,ITA,01,Piemonte,45.0732745,7.680687483,5150,390,5540,70552,76092,-453,2896,65346,5496,63328,83606,146934,1405087,890725,,,,
2020-11-22T17:00:00,ITA,01,Piemonte,45.0732745,7.680687483,5132,398,5530,71482,77012,920,2641,66998,5565,64386,85189,149575,1418692,898135,,,,
2020-11-23T17:00:00,ITA,01,Piemonte,45.0732745,7.680687483,5112,399,5511,71412,76923,-89,1730,68736,5646,64973,86332,151305,1432221,907022,,,,
2020-11-24T17:00:00,ITA,01,Piemonte,45.0732745,7.680687483,5116,404,5520,71555,77075,152,2070,70581,5719,65654,87721,153375,1446757,915304,,,,
2020-11-25T17:00:00,ITA,01,Piemonte,45.0732745,7.680687483,5095,403,5498,72423,77921,846,2878,72529,5803,66552,89701,156253,1468297,923880,,,,
2020-11-26T17:00:00,ITA,01,Piemonte,45.0732745,7.680687483,4992,403,5395,73011,78406,485,2751,74723,5875,67389,91615,159004,1490715,933365,,,,
2020-11-27T17:00:00,ITA,01,Piemonte,45.0732745,7.680687483,4922,395,5317,72272,77589,-817,3149,78592,5972,68443,93710,162153,1513856,942459,,,,
2020-11-28T17:00:00,ITA,01,Piemonte,45.0732745,7.680687483,4781,384,5165,70912,76077,-1512,2157,82163,6070,69065,95245,164310,1532290,950345,,,,
2020-11-29T17:00:00,ITA,01,Piemonte,45.0732745,7.680687483,4734,385,5119,71865,76984,907,2021,83193,6154,69743,96588,166331,1546447,956383,,,,
2020-11-30T17:00:00,ITA,01,Piemonte,45.0732745,7.680687483,4737,388,5125,69818,74943,-2041,1185,86334,6239,70013,97503,167516,1558737,961035,,,,
2020-12-01T17:00:00,ITA,01,Piemonte,45.0732745,7.680687483,4652,377,5029,67240,72269,-2674,1617,90561,6303,70445,98688,169133,1575753,966274,,,,
2020-12-02T17:00:00,ITA,01,Piemonte,45.0732745,7.680687483,4596,382,4978,65909,70887,-1382,1568,93454,6360,70823,99878,170701,1593650,971526,,,,
2020-12-03T17:00:00,ITA,01,Piemonte,45.0732745,7.680687483,4459,366,4825,65181,70006,-881,2230,96473,6452,0,0,172931,1619813,982816,,10,,
2020-12-04T17:00:00,ITA,01,Piemonte,45.0732745,7.680687483,4351,357,4708,63768,68476,-1530,2132,100081,6506,,,175063,1640659,990479,,3,,
2020-12-05T17:00:00,ITA,01,Piemonte,45.0732745,7.680687483,4276,366,4642,62121,66763,-1713,1456,103188,6568,,,176519,1655759,996658,,36,,
2020-12-06T17:00:00,ITA,01,Piemonte,45.0732745,7.680687483,4239,359,4598,61440,66038,-725,1269,105127,6623,,,177788,1665145,1000611,,15,,
2020-12-07T17:00:00,ITA,01,Piemonte,45.0732745,7.680687483,4243,345,4588,61161,65749,-289,911,106263,6687,,,178699,1675897,1004206,,6,,
2020-12-08T17:00:00,ITA,01,Piemonte,45.0732745,7.680687483,4124,330,4454,60059,64513,-1236,952,108392,6746,,,179651,1687411,1008548,,4,,
2020-12-09T17:00:00,ITA,01,Piemonte,45.0732745,7.680687483,4102,318,4420,59063,63483,-1030,906,110261,6813,,,180557,1697990,1012701,,8,,
2020-12-10T17:00:00,ITA,01,Piemonte,45.0732745,7.680687483,4069,310,4379,56728,61107,-2376,974,113527,6897,,,181531,1712408,1018261,,14,Il numero dei tamponi antigenici positivi è sovrastimato in quanto una quota di casi (fino al 40%) potrebbe essere comunque confermata entro i successivi 10 giorni. Il numero di tamponi antigenici complessivamente effettuati è un di cui del totale riportato quotidianamente. ,
2020-12-11T17:00:00,ITA,01,Piemonte,45.0732745,7.680687483,4005,300,4305,55686,59991,-1116,1553,116100,6993,,,183084,1730912,1025877,,7,Il numero dei tamponi antigenici positivi è sovrastimato in quanto una quota di casi (fino al 40%) potrebbe essere comunque confermata entro i successivi 10 giorni. Il numero di tamponi antigenici complessivamente effettuati è un di cui del totale riportato quotidianamente.,
2020-12-12T17:00:00,ITA,01,Piemonte,45.0732745,7.680687483,3857,304,4161,53700,57861,-2130,1443,119614,7052,,,184527,1749139,1032439,,6,,
2020-12-13T17:00:00,ITA,01,Piemonte,45.0732745,7.680687483,3835,291,4126,51848,55974,-1887,1011,122476,7088,,,185538,1757469,1036540,,6,Il numero dei tamponi antigenici positivi è sovrastimato in quanto una quota di casi (fino al 40%) potrebbe essere comunque confermata entro i successivi 10 giorni. Il numero di tamponi antigenici complessivamente effettuati è un di cui del totale riportato quotidianamente.,
2020-12-14T17:00:00,ITA,01,Piemonte,45.0732745,7.680687483,3856,278,4134,49202,53336,-2638,528,125594,7136,,,186066,1766116,1039596,,5,,
2020-12-15T17:00:00,ITA,01,Piemonte,45.0732745,7.680687483,3761,266,4027,46943,50970,-2366,1106,128989,7213,,,187172,1784446,1046569,,5,,
2020-12-16T17:00:00,ITA,01,Piemonte,45.0732745,7.680687483,3698,257,3955,44148,48103,-2867,1215,132982,7302,,,188387,1801939,1054003,,8,,
2020-12-17T17:00:00,ITA,01,Piemonte,45.0732745,7.680687483,3597,240,3837,41706,45543,-2560,883,136345,7382,,,189270,1586358,1060337,,4,,
2020-12-18T17:00:00,ITA,01,Piemonte,45.0732745,7.680687483,3516,243,3759,37541,41300,-4243,1210,139129,7461,,,187890,1595851,953662,,14,In ottemperanza alle indicazioni ministeriali dal computo complessivo delle persone testate e dei test processati sono stati sottratti i test antigenici.,In ottemperanza alle indicazioni ministeriali dal computo complessivo dei casi positivi sono stati sottratti quelli positivi ai test antigenici con link epidemiologico.
2020-12-19T17:00:00,ITA,01,Piemonte,45.0732745,7.680687483,3437,234,3671,34922,38593,-2707,638,142436,7499,,,188528,1606272,956072,,1,,
2020-12-20T17:00:00,ITA,01,Piemonte,45.0732745,7.680687483,3389,221,3610,34481,38091,-502,829,143738,7528,,,189357,1611541,958315,,3,,
2020-12-21T17:00:00,ITA,01,Piemonte,45.0732745,7.680687483,3409,230,3639,34318,37957,-134,611,144440,7571,,,189968,1617379,960562,,13,,
2020-12-22T17:00:00,ITA,01,Piemonte,45.0732745,7.680687483,3331,228,3559,33350,36909,-1048,542,145980,7621,,,190510,1624273,963280,,7,,
2020-12-23T17:00:00,ITA,01,Piemonte,45.0732745,7.680687483,3239,215,3454,33107,36561,-348,933,147203,7679,,,191443,1633219,966374,,13,,
2020-12-24T17:00:00,ITA,01,Piemonte,45.0732745,7.680687483,3144,213,3357,31513,34870,-1691,1057,149903,7727,,,192500,1642265,969893,,7,,
2020-12-25T17:00:00,ITA,01,Piemonte,45.0732745,7.680687483,3029,214,3243,28254,31497,-3373,875,154123,7755,,,193375,1648345,972116,,7,,
2020-12-26T17:00:00,ITA,01,Piemonte,45.0732745,7.680687483,3011,208,3219,28338,31557,60,417,154468,7767,,,193792,1651049,973322,,1,,
2020-12-27T17:00:00,ITA,01,Piemonte,45.0732745,7.680687483,3039,211,3250,27812,31062,-495,470,155416,7784,,,194262,1654351,974905,,14,,
2020-12-28T17:00:00,ITA,01,Piemonte,45.0732745,7.680687483,3042,205,3247,27056,30303,-759,313,156468,7804,,,194575,1657292,976214,,4,,
2020-12-29T17:00:00,ITA,01,Piemonte,45.0732745,7.680687483,3029,196,3225,26158,29383,-920,840,158172,7860,,,195415,1664929,978418,,7,,
2020-12-30T17:00:00,ITA,01,Piemonte,45.0732745,7.680687483,2957,192,3149,25810,28959,-424,1046,159609,7893,,,196461,1673896,981588,,7,,
2020-12-31T17:00:00,ITA,01,Piemonte,45.0732745,7.680687483,2895,190,3085,25172,28257,-702,1367,161649,7922,,,197828,1682529,984809,,7,,
2021-01-01T17:00:00,ITA,01,Piemonte,45.0732745,7.680687483,2784,184,2968,23561,26529,-1728,1058,164397,7960,,,198886,1688316,987563,,5,,
2021-01-02T17:00:00,ITA,01,Piemonte,45.0732745,7.680687483,2777,182,2959,21238,24197,-2332,433,167151,7971,,,199319,1690587,988567,,0,,
2021-01-03T17:00:00,ITA,01,Piemonte,45.0732745,7.680687483,2786,188,2974,18489,21463,-2734,741,170618,7979,,,200060,1694353,990328,,13,,
2021-01-04T17:00:00,ITA,01,Piemonte,45.0732745,7.680687483,2819,183,3002,17511,20513,-950,446,172005,7988,,,200506,1697788,991545,,3,,
2021-01-05T17:00:00,ITA,01,Piemonte,45.0732745,7.680687483,2847,187,3034,16608,19642,-871,1109,173930,8043,,,201615,1704739,994333,,15,,
2021-01-06T17:00:00,ITA,01,Piemonte,45.0732745,7.680687483,2773,192,2965,15450,18415,-1227,1163,176275,8088,,,202778,1713074,997705,,20,,
2021-01-07T17:00:00,ITA,01,Piemonte,45.0732745,7.680687483,2760,184,2944,14755,17699,-716,1004,177977,8106,,,203782,1718642,1000112,,6,,
2021-01-08T17:00:00,ITA,01,Piemonte,45.0732745,7.680687483,2757,176,2933,14612,17545,-154,845,178949,8133,,,204627,1723609,1003245,,5,,
2021-01-09T17:00:00,ITA,01,Piemonte,45.0732745,7.680687483,2689,172,2861,12968,15829,-1716,1532,182165,8165,,,206159,1734982,1006938,,14,,
2021-01-10T17:00:00,ITA,01,Piemonte,45.0732745,7.680687483,2703,176,2879,12463,15342,-487,803,183444,8176,,,206962,1739805,1009307,,10,,
2021-01-11T17:00:00,ITA,01,Piemonte,45.0732745,7.680687483,2705,177,2882,12103,14985,-357,609,184391,8195,,,207571,1744499,1011196,,6,,
2021-01-12T17:00:00,ITA,01,Piemonte,45.0732745,7.680687483,2653,171,2824,11946,14770,-215,901,185465,8237,,,208472,1751940,1014200,,3,,
2021-01-13T17:00:00,ITA,01,Piemonte,45.0732745,7.680687483,2605,172,2777,11983,14760,-10,1009,186443,8278,,,209481,1760650,1017635,,5,,
2021-01-14T17:00:00,ITA,01,Piemonte,45.0732745,7.680687483,2575,172,2747,11976,14723,-37,857,187316,8299,,,210338,1767779,1020572,,14,,
2021-01-15T17:00:00,ITA,01,Piemonte,45.0732745,7.680687483,2522,163,2685,12121,14806,83,871,188084,8319,,,211209,1785825,1025418,,8,,,211076,133,1773637,12188,ITC,ITC1
2021-01-16T17:00:00,ITA,01,Piemonte,45.0732745,7.680687483,2464,162,2626,12488,15114,308,1056,188770,8381,,,212265,1810200,1032298,,10,I 15040 tamponi antigenici corrispondono ai test antigenici comunicati nelle ultime 24 ore. Incremento tamponi complessivo: 24.375,,212028,237,1782972,27228,ITC,ITC1
2021-01-17T17:00:00,ITA,01,Piemonte,45.0732745,7.680687483,2460,164,2624,12376,15000,-114,495,189360,8400,,,212760,1818843,1034494,,8,,,212477,283,1787844,30999,ITC,ITC1
2021-01-18T17:00:00,ITA,01,Piemonte,45.0732745,7.680687483,2470,166,2636,12153,14789,-211,435,189987,8419,,,213195,1829660,1036864,,7,,,212846,349,1791878,37782,ITC,ITC1
2021-01-19T17:00:00,ITA,01,Piemonte,45.0732745,7.680687483,2500,168,2668,11770,14438,-351,716,191020,8453,,,213911,1849979,1042663,,7,,,213438,473,1799612,50367,ITC,ITC1
2021-01-20T17:00:00,ITA,01,Piemonte,45.0732745,7.680687483,2466,165,2631,11274,13905,-533,606,192116,8496,,,214517,1868847,1046508,,0,,,213898,619,1806355,62492,ITC,ITC1
2021-01-21T17:00:00,ITA,01,Piemonte,45.0732745,7.680687483,2419,159,2578,11015,13593,-312,761,193160,8525,,,215278,1886295,1051394,,7,,,214522,756,1812110,74185,ITC,ITC1
2021-01-22T17:00:00,ITA,01,Piemonte,45.0732745,7.680687483,2342,152,2494,10862,13356,-237,849,194223,8548,,,216127,1907355,1055264,,0,,,215230,897,1819262,88093,ITC,ITC1
2021-01-23T17:00:00,ITA,01,Piemonte,45.0732745,7.680687483,2337,156,2493,10962,13455,99,931,195029,8574,,,217058,1931124,1061000,,19,,,216047,1011,1827915,103209,ITC,ITC1
2021-01-24T17:00:00,ITA,01,Piemonte,45.0732745,7.680687483,2345,156,2501,10845,13346,-109,619,195748,8583,,,217677,1943147,1064696,,5,,,216612,1065,1834653,108494,ITC,ITC1
2021-01-25T17:00:00,ITA,01,Piemonte,45.0732745,7.680687483,2364,163,2527,10691,13218,-128,600,196455,8604,,,218277,1953460,1067631,,11,,,217164,1113,1839820,113640,ITC,ITC1
2021-01-26T17:00:00,ITA,01,Piemonte,45.0732745,7.680687483,2307,163,2470,10264,12734,-484,728,197629,8642,,,219005,1974824,1073376,,9,,,217720,1285,1847764,127060,ITC,ITC1
2021-01-27T17:00:00,ITA,01,Piemonte,45.0732745,7.680687483,2280,163,2443,9958,12401,-333,821,198732,8693,,,219826,1995478,1078695,,3,,,218371,1455,1855437,140041,ITC,ITC1
2021-01-28T17:00:00,ITA,01,Piemonte,45.0732745,7.680687483,2194,151,2345,10139,12484,83,1062,199668,8736,,,220888,2017653,1085343,,2,,,219284,1604,1864214,153439,ITC,ITC1
2021-01-29T17:00:00,ITA,01,Piemonte,45.0732745,7.680687483,2163,150,2313,10224,12537,53,944,200521,8774,,,221832,2040494,1090338,,13,,,220099,1733,1872204,168290,ITC,ITC1
2021-01-30T17:00:00,ITA,01,Piemonte,45.0732745,7.680687483,2127,150,2277,10105,12382,-155,727,201344,8833,,,222559,2063546,1095712,,14,,,220686,1873,1878337,185209,ITC,ITC1
2021-01-31T17:00:00,ITA,01,Piemonte,45.0732745,7.680687483,2122,146,2268,10044,12312,-70,538,201938,8847,,,223097,2072804,1099174,,0,,,221177,1920,1882944,189860,ITC,ITC1
2021-02-01T17:00:00,ITA,01,Piemonte,45.0732745,7.680687483,2151,153,2304,9960,12264,-48,514,202489,8858,,,223611,2083854,1101742,,12,,,221638,1973,1886965,196889,ITC,ITC1
2021-02-02T17:00:00,ITA,01,Piemonte,45.0732745,7.680687483,2138,152,2290,9835,12125,-139,765,203356,8895,,,224376,2103721,1107431,,4,,,222262,2114,1894771,208950,ITC,ITC1
2021-02-03T17:00:00,ITA,01,Piemonte,45.0732745,7.680687483,2092,147,2239,9813,12052,-73,819,204223,8920,,,225195,2122420,1113483,,11,,,222941,2254,1901896,220524,ITC,ITC1
2021-02-04T17:00:00,ITA,01,Piemonte,45.0732745,7.680687483,2065,143,2208,9822,12030,-22,807,205021,8951,,,226002,2139869,1117995,,8,,,223650,2352,1909018,230851,ITC,ITC1
2021-02-05T17:00:00,ITA,01,Piemonte,45.0732745,7.680687483,2021,147,2168,10027,12195,165,936,205770,8973,,,226938,2158679,1124347,,5,,,224487,2451,1914042,244637,ITC,ITC1
2021-02-06T17:00:00,ITA,01,Piemonte,45.0732745,7.680687483,2007,140,2147,10035,12182,-13,717,206479,8994,,,227655,2178038,1128845,,8,,,225079,2576,1920280,257758,ITC,ITC1
2021-02-07T17:00:00,ITA,01,Piemonte,45.0732745,7.680687483,2017,140,2157,10165,12322,140,624,206955,9002,,,228279,2186106,1132152,,6,,,225651,2628,1924723,261383,ITC,ITC1
2021-02-08T17:00:00,ITA,01,Piemonte,45.0732745,7.680687483,2036,148,2184,10107,12291,-31,483,207457,9014,,,228762,2196114,1134772,,13,,,226090,2672,1929202,266912,ITC,ITC1
2021-02-09T17:00:00,ITA,01,Piemonte,45.0732745,7.680687483,2040,148,2188,9883,12071,-220,619,208261,9049,,,229381,2215289,1140808,,3,,,226555,2826,1936941,278348,ITC,ITC1
2021-02-10T17:00:00,ITA,01,Piemonte,45.0732745,7.680687483,2003,153,2156,9893,12049,-22,669,208934,9067,,,230050,2234171,1147023,,9,,,227118,2932,1945318,288853,ITC,ITC1
2021-02-11T17:00:00,ITA,01,Piemonte,45.0732745,7.680687483,1956,150,2106,10084,12190,141,1189,209960,9089,,,231239,2254299,1153341,,6,,"Dei 1.189 casi, 974 sono nuove segnalazioni di oggi e 215 sono aggiornamenti relativi alla giornata di ieri. ",228164,3075,1953789,300510,ITC,ITC1
2021-02-12T17:00:00,ITA,01,Piemonte,45.0732745,7.680687483,1924,144,2068,10277,12345,155,869,210654,9109,,,232108,2274943,1158696,,9,,,228916,3192,1960968,313975,ITC,ITC1
2021-02-13T17:00:00,ITA,01,Piemonte,45.0732745,7.680687483,1889,141,2030,10237,12267,-78,749,211465,9125,,,232857,2298777,1164303,,7,,,229536,3321,1967529,331248,ITC,ITC1
2021-02-14T17:00:00,ITA,01,Piemonte,45.0732745,7.680687483,1913,140,2053,10308,12361,94,549,211914,9131,,,233406,2309767,1168303,,11,,,230039,3367,1972689,337078,ITC,ITC1
2021-02-15T17:00:00,ITA,01,Piemonte,45.0732745,7.680687483,1933,144,2077,10249,12326,-35,438,212373,9145,,,233844,2320030,1171154,,7,,,230424,3420,1976643,343387,ITC,ITC1
2021-02-16T17:00:00,ITA,01,Piemonte,45.0732745,7.680687483,1900,141,2041,10185,12226,-100,771,213207,9182,,,234615,2338854,1176960,,7,,,231054,3561,1984152,354702,ITC,ITC1
2021-02-17T17:00:00,ITA,01,Piemonte,45.0732745,7.680687483,1875,138,2013,10154,12167,-59,959,214203,9204,,,235574,2361005,1184276,,4,,,231893,3681,1991465,369540,ITC,ITC1
2021-02-18T17:00:00,ITA,01,Piemonte,45.0732745,7.680687483,1866,128,1994,10012,12006,-161,501,214849,9220,,,236075,2375443,1187837,,4,,,232279,3796,1997256,378187,ITC,ITC1
2021-02-19T17:00:00,ITA,01,Piemonte,45.0732745,7.680687483,1849,130,1979,10458,12437,431,1307,215700,9245,,,237382,2403012,1195422,,10,,,233436,3946,2007364,395648,ITC,ITC1
2021-02-20T17:00:00,ITA,01,Piemonte,45.0732745,7.680687483,1857,130,1987,10621,12608,171,765,216282,9257,,,238147,2423607,1201114,,5,,,234093,4054,2013821,409786,ITC,ITC1
2021-02-21T17:00:00,ITA,01,Piemonte,45.0732745,7.680687483,1868,138,2006,10814,12820,212,802,216864,9265,,,238949,2435595,1206701,,13,,,234831,4118,2020185,415410,ITC,ITC1
2021-02-22T17:00:00,ITA,01,Piemonte,45.0732745,7.680687483,1905,141,2046,10874,12920,100,639,217381,9287,,,239588,2446789,1210042,,13,,,235415,4173,2024542,422247,ITC,ITC1
2021-02-23T17:00:00,ITA,01,Piemonte,45.0732745,7.680687483,1919,145,2064,11041,13105,185,1023,218197,9309,,,240611,2468673,1217712,,12,,,236183,4428,2032975,435698,ITC,ITC1
2021-02-24T17:00:00,ITA,01,Piemonte,45.0732745,7.680687483,1911,152,2063,11554,13617,512,1453,219121,9326,,,242064,2490036,1225693,,15,,,237439,4625,2043162,446874,ITC,ITC1
2021-02-25T17:00:00,ITA,01,Piemonte,45.0732745,7.680687483,1909,162,2071,12252,14323,706,1454,219849,9346,,,243518,2511427,1233224,,16,,,238693,4825,2051468,459959,ITC,ITC1
2021-02-26T17:00:00,ITA,01,Piemonte,45.0732745,7.680687483,1938,163,2101,13022,15123,800,1526,220570,9351,,,245044,2537151,1242421,,9,,,239982,5062,2060229,476922,ITC,ITC1
2021-02-27T17:00:00,ITA,01,Piemonte,45.0732745,7.680687483,1956,166,2122,13521,15643,520,1188,221224,9365,,,246232,2562917,1249383,,9,,,240956,5276,2068017,494900,ITC,ITC1
2021-02-28T17:00:00,ITA,01,Piemonte,45.0732745,7.680687483,2015,168,2183,13894,16077,434,902,221688,9369,,,247134,2573650,1254138,,7,,,241794,5340,2073139,500511,ITC,ITC1
2021-03-01T17:00:00,ITA,01,Piemonte,45.0732745,7.680687483,2043,175,2218,14403,16621,544,1155,222293,9375,,,248289,2587586,1258594,,15,,,242847,5442,2079643,507943,ITC,ITC1
2021-03-02T17:00:00,ITA,01,Piemonte,45.0732745,7.680687483,2139,180,2319,15014,17333,712,1609,223170,9395,,,249898,2610826,1268524,,20,,,244156,5742,2089239,521587,ITC,ITC1
2021-03-03T17:00:00,ITA,01,Piemonte,45.0732745,7.680687483,2140,181,2321,15610,17931,598,1537,224093,9411,,,251435,2631888,1276314,,8,,,245418,6017,2098044,533844,ITC,ITC1
2021-03-04T17:00:00,ITA,01,Piemonte,45.0732745,7.680687483,2171,188,2359,16798,19157,1226,2167,225008,9437,,,253602,2649872,1281529,,19,,,247314,6288,2105421,544451,ITC,ITC1
2021-03-05T17:00:00,ITA,01,Piemonte,45.0732745,7.680687483,2223,185,2408,18093,20501,1344,2283,225923,9461,,,255885,2687380,1295055,,8,,,249280,6605,2120120,567260,ITC,ITC1
2021-03-06T17:00:00,ITA,01,Piemonte,45.0732745,7.680687483,2263,192,2455,19000,21455,954,1793,226737,9486,,,257678,2714259,1304576,,15,,,250770,6908,2128043,586216,ITC,ITC1
2021-03-07T17:00:00,ITA,01,Piemonte,45.0732745,7.680687483,2316,202,2518,19787,22305,850,1543,227421,9495,,,259221,2729618,1311170,,16,,,252188,7033,2136289,593329,ITC,ITC1
2021-03-08T17:00:00,ITA,01,Piemonte,45.0732745,7.680687483,2371,217,2588,20294,22882,577,1214,228042,9511,,,260435,2741916,1315479,,22,,,253287,7148,2142212,599704,ITC,ITC1
2021-03-09T17:00:00,ITA,01,Piemonte,45.0732745,7.680687483,2432,228,2660,21122,23782,900,2018,229138,9533,,,262453,2770099,1326033,,17,,,254842,7611,2153830,616269,ITC,ITC1
