data,stato,codice_regione,denominazione_regione,lat,long,ricoverati_con_sintomi,terapia_intensiva,totale_ospedalizzati,isolamento_domiciliare,totale_positivi,variazione_totale_positivi,nuovi_positivi,dimessi_guariti,deceduti,casi_da_sospetto_diagnostico,casi_da_screening,totale_casi,tamponi,casi_testati,note,ingressi_terapia_intensiva,note_test,note_casi
2020-02-24T18:00:00,ITA,07,Liguria,44.41149315,8.9326992,0,0,0,0,0,0,0,0,0,,,0,1,,,,,
2020-02-25T18:00:00,ITA,07,Liguria,44.41149315,8.9326992,1,0,1,0,1,1,1,0,0,,,1,39,,,,,
2020-02-26T18:00:00,ITA,07,Liguria,44.41149315,8.9326992,6,0,6,5,11,10,10,0,0,,,11,66,,,,,
2020-02-27T18:00:00,ITA,07,Liguria,44.41149315,8.9326992,9,0,9,10,19,8,8,0,0,,,19,78,,,,,
2020-02-28T18:00:00,ITA,07,Liguria,44.41149315,8.9326992,9,0,9,10,19,0,0,0,0,,,19,112,,,,,
2020-02-29T17:00:00,ITA,07,Liguria,44.41149315,8.9326992,4,1,5,33,38,19,23,4,0,,,42,121,,,,,
2020-03-01T17:00:00,ITA,07,Liguria,44.41149315,8.9326992,12,1,13,8,21,-17,-17,4,0,,,25,121,,,,,
2020-03-02T18:00:00,ITA,07,Liguria,44.41149315,8.9326992,12,1,13,5,18,-3,-3,4,0,,,22,121,,,,,
2020-03-03T18:00:00,ITA,07,Liguria,44.41149315,8.9326992,12,2,14,5,19,1,2,4,1,,,24,121,,,,,
2020-03-04T17:00:00,ITA,07,Liguria,44.41149315,8.9326992,10,3,13,8,21,2,2,4,1,,,26,133,,,,,
2020-03-05T17:00:00,ITA,07,Liguria,44.41149315,8.9326992,11,3,14,7,21,0,2,4,3,,,28,146,,,,,
2020-03-06T17:00:00,ITA,07,Liguria,44.41149315,8.9326992,12,5,17,7,24,3,4,5,3,,,32,229,,,,,
2020-03-07T18:00:00,ITA,07,Liguria,44.41149315,8.9326992,26,6,32,10,42,18,19,5,4,,,51,331,,,,,
2020-03-08T18:00:00,ITA,07,Liguria,44.41149315,8.9326992,39,11,50,17,67,25,27,5,6,,,78,401,,,,,
2020-03-09T18:00:00,ITA,07,Liguria,44.41149315,8.9326992,60,17,77,20,97,30,31,5,7,,,109,611,,,,,
2020-03-10T18:00:00,ITA,07,Liguria,44.41149315,8.9326992,57,29,86,42,128,31,32,5,8,,,141,694,,,,,
2020-03-11T17:00:00,ITA,07,Liguria,44.41149315,8.9326992,74,34,108,73,181,53,53,5,8,,,194,1025,,,,,
2020-03-12T17:00:00,ITA,07,Liguria,44.41149315,8.9326992,100,36,136,107,243,62,80,20,11,,,274,1174,,,,,
2020-03-13T17:00:00,ITA,07,Liguria,44.41149315,8.9326992,128,44,172,132,304,61,71,24,17,,,345,1442,,,,,
2020-03-14T17:00:00,ITA,07,Liguria,44.41149315,8.9326992,213,62,275,109,384,80,118,52,27,,,463,1750,,,,,
2020-03-15T17:00:00,ITA,07,Liguria,44.41149315,8.9326992,253,66,319,174,493,109,96,33,33,,,559,1973,,,,,
2020-03-16T17:00:00,ITA,07,Liguria,44.41149315,8.9326992,255,73,328,247,575,82,108,42,50,,,667,2189,,,,,
2020-03-17T17:00:00,ITA,07,Liguria,44.41149315,8.9326992,299,85,384,277,661,86,111,57,60,,,778,2509,,,,,
2020-03-18T17:00:00,ITA,07,Liguria,44.41149315,8.9326992,401,100,501,243,744,83,109,70,73,,,887,2912,,,,,
2020-03-19T17:00:00,ITA,07,Liguria,44.41149315,8.9326992,491,112,603,280,883,139,172,85,91,,,1059,3348,,,,,
2020-03-20T17:00:00,ITA,07,Liguria,44.41149315,8.9326992,573,121,694,307,1001,118,162,101,119,,,1221,3794,,,,,
2020-03-21T17:00:00,ITA,07,Liguria,44.41149315,8.9326992,598,129,727,432,1159,158,215,125,152,,,1436,4304,,,,,
2020-03-22T17:00:00,ITA,07,Liguria,44.41149315,8.9326992,736,132,868,483,1351,192,229,143,171,,,1665,4995,,,,,
2020-03-23T17:00:00,ITA,07,Liguria,44.41149315,8.9326992,761,133,894,659,1553,202,259,159,212,,,1924,5538,,,,,
2020-03-24T17:00:00,ITA,07,Liguria,44.41149315,8.9326992,803,147,950,742,1692,139,192,193,231,,,2116,5992,,,,,
2020-03-25T17:00:00,ITA,07,Liguria,44.41149315,8.9326992,927,147,1074,752,1826,134,189,225,254,,,2305,6602,,,,,
2020-03-26T17:00:00,ITA,07,Liguria,44.41149315,8.9326992,998,154,1152,875,2027,201,262,260,280,,,2567,7304,,,,,
2020-03-27T17:00:00,ITA,07,Liguria,44.41149315,8.9326992,1023,157,1180,880,2060,33,129,305,331,,,2696,7804,,,,,
2020-03-28T17:00:00,ITA,07,Liguria,44.41149315,8.9326992,1031,167,1198,888,2086,26,126,378,358,,,2822,8177,,,,,
2020-03-29T17:00:00,ITA,07,Liguria,44.41149315,8.9326992,1077,166,1243,1036,2279,193,254,420,377,,,3076,9100,,,,,
2020-03-30T17:00:00,ITA,07,Liguria,44.41149315,8.9326992,1142,175,1317,1066,2383,104,141,437,397,,,3217,9677,,,,,
2020-03-31T17:00:00,ITA,07,Liguria,44.41149315,8.9326992,1153,179,1332,1176,2508,125,199,480,428,,,3416,10376,,,,,
2020-04-01T17:00:00,ITA,07,Liguria,44.41149315,8.9326992,1114,179,1293,1352,2645,137,244,555,460,,,3660,11334,,,,,
2020-04-02T17:00:00,ITA,07,Liguria,44.41149315,8.9326992,1120,172,1292,1368,2660,15,122,634,488,,,3782,12069,,,,,
2020-04-03T17:00:00,ITA,07,Liguria,44.41149315,8.9326992,1147,173,1320,1426,2746,86,183,700,519,,,3965,12934,,,,,
2020-04-04T17:00:00,ITA,07,Liguria,44.41149315,8.9326992,1121,169,1290,1604,2894,148,238,767,542,,,4203,14087,,,,,
2020-04-05T17:00:00,ITA,07,Liguria,44.41149315,8.9326992,1126,165,1291,1802,3093,199,246,800,556,,,4449,15047,,,,,
2020-04-06T17:00:00,ITA,07,Liguria,44.41149315,8.9326992,1141,162,1303,1814,3117,24,100,837,595,,,4549,15533,,,,,
2020-04-07T17:00:00,ITA,07,Liguria,44.41149315,8.9326992,1090,156,1246,1966,3212,95,208,925,620,,,4757,16579,,,,,
2020-04-08T17:00:00,ITA,07,Liguria,44.41149315,8.9326992,1109,153,1262,1983,3245,33,149,1007,654,,,4906,17521,,,,,
2020-04-09T17:00:00,ITA,07,Liguria,44.41149315,8.9326992,1103,154,1257,1996,3253,8,114,1085,682,,,5020,18446,,,,,
2020-04-10T17:00:00,ITA,07,Liguria,44.41149315,8.9326992,1076,151,1227,2074,3301,48,171,1181,709,,,5191,19514,,,,,
2020-04-11T17:00:00,ITA,07,Liguria,44.41149315,8.9326992,1003,146,1149,2184,3333,32,185,1309,734,,,5376,20888,,,,,
2020-04-12T17:00:00,ITA,07,Liguria,44.41149315,8.9326992,1032,144,1176,2157,3333,0,118,1412,749,,,5494,21983,,,,,
2020-04-13T17:00:00,ITA,07,Liguria,44.41149315,8.9326992,1088,138,1226,2139,3365,32,102,1471,760,,,5596,23129,,,,,
2020-04-14T17:00:00,ITA,07,Liguria,44.41149315,8.9326992,967,133,1100,2366,3466,101,212,1549,793,,,5808,24446,,,,,
2020-04-15T17:00:00,ITA,07,Liguria,44.41149315,8.9326992,959,120,1079,2385,3464,-2,128,1665,807,,,5936,25793,,,,,
2020-04-16T17:00:00,ITA,07,Liguria,44.41149315,8.9326992,957,103,1060,2377,3437,-27,103,1774,828,,,6039,26945,,,,,
2020-04-17T17:00:00,ITA,07,Liguria,44.41149315,8.9326992,897,105,1002,2457,3459,22,149,1863,866,,,6188,28181,,,,,
2020-04-18T17:00:00,ITA,07,Liguria,44.41149315,8.9326992,901,105,1006,2406,3412,-47,113,1992,897,,,6301,29322,,,,,
2020-04-19T17:00:00,ITA,07,Liguria,44.41149315,8.9326992,885,101,986,2504,3490,78,227,2110,928,,,6528,31551,21103,,,,
2020-04-20T17:00:00,ITA,07,Liguria,44.41149315,8.9326992,878,102,980,2516,3496,6,141,2216,957,,,6669,33007,21979,,,,
2020-04-21T17:00:00,ITA,07,Liguria,44.41149315,8.9326992,914,94,1008,2455,3463,-33,95,2311,990,,,6764,34186,22670,,,,
2020-04-22T17:00:00,ITA,07,Liguria,44.41149315,8.9326992,860,92,952,2524,3476,13,154,2420,1022,,,6918,35990,23756,,,,
2020-04-23T17:00:00,ITA,07,Liguria,44.41149315,8.9326992,783,91,874,2592,3466,-10,131,2536,1047,,,7049,37842,25045,,,,
2020-04-24T17:00:00,ITA,07,Liguria,44.41149315,8.9326992,760,87,847,2590,3437,-29,124,2660,1076,,,7173,39563,26040,,,,
2020-04-25T17:00:00,ITA,07,Liguria,44.41149315,8.9326992,759,83,842,2591,3433,-4,128,2775,1093,,,7301,41125,26898,,,,
2020-04-26T17:00:00,ITA,07,Liguria,44.41149315,8.9326992,748,82,830,2650,3480,47,187,2894,1114,,,7488,42607,27852,,,,
2020-04-27T17:00:00,ITA,07,Liguria,44.41149315,8.9326992,754,83,837,2743,3580,100,154,2934,1128,,,7642,44039,28739,,,,
2020-04-28T17:00:00,ITA,07,Liguria,44.41149315,8.9326992,718,81,799,2772,3571,-9,130,3060,1141,,,7772,45719,29794,,,,
2020-04-29T17:00:00,ITA,07,Liguria,44.41149315,8.9326992,697,70,767,2809,3576,5,117,3161,1152,,,7889,47220,30669,,,,
2020-04-30T17:00:00,ITA,07,Liguria,44.41149315,8.9326992,676,69,745,2806,3551,-25,104,3275,1167,,,7993,48762,31520,,,,
2020-05-01T17:00:00,ITA,07,Liguria,44.41149315,8.9326992,666,68,734,2784,3518,-33,133,3424,1184,,,8126,51199,32794,,,,
2020-05-02T17:00:00,ITA,07,Liguria,44.41149315,8.9326992,647,68,715,2883,3598,80,186,3519,1195,,,8312,53202,34037,,,,
2020-05-03T17:00:00,ITA,07,Liguria,44.41149315,8.9326992,627,68,695,2856,3551,-47,47,3599,1209,,,8359,54492,34613,,,,
2020-05-04T17:00:00,ITA,07,Liguria,44.41149315,8.9326992,606,72,678,2830,3508,-43,53,3683,1221,,,8412,56092,35443,,,,
2020-05-05T17:00:00,ITA,07,Liguria,44.41149315,8.9326992,583,68,651,2776,3427,-81,63,3816,1232,,,8475,57622,36150,,,,
2020-05-06T17:00:00,ITA,07,Liguria,44.41149315,8.9326992,548,59,607,2699,3306,-121,76,4002,1243,,,8551,59693,37177,,,,
2020-05-07T17:00:00,ITA,07,Liguria,44.41149315,8.9326992,525,57,582,2666,3248,-58,94,4143,1254,,,8645,61446,38071,,,,
2020-05-08T17:00:00,ITA,07,Liguria,44.41149315,8.9326992,517,46,563,2613,3176,-72,78,4282,1265,,,8723,63531,39145,,,,
2020-05-09T17:00:00,ITA,07,Liguria,44.41149315,8.9326992,501,42,543,2439,2982,-194,15,4480,1276,,,8738,64926,39600,,,,
2020-05-10T17:00:00,ITA,07,Liguria,44.41149315,8.9326992,481,41,522,2378,2900,-82,50,4607,1281,,,8788,67322,40751,,,,
2020-05-11T17:00:00,ITA,07,Liguria,44.41149315,8.9326992,484,38,522,2322,2844,-56,44,4695,1293,,,8832,68814,41535,,,,
2020-05-12T17:00:00,ITA,07,Liguria,44.41149315,8.9326992,447,35,482,2297,2779,-65,31,4783,1301,,,8863,70159,42200,,,,
2020-05-13T17:00:00,ITA,07,Liguria,44.41149315,8.9326992,430,35,465,2253,2718,-61,67,4898,1314,,,8930,72174,43272,,,,
2020-05-14T17:00:00,ITA,07,Liguria,44.41149315,8.9326992,408,35,443,2217,2660,-58,65,5006,1329,,,8995,74248,44390,,,,
2020-05-15T17:00:00,ITA,07,Liguria,44.41149315,8.9326992,385,31,416,2187,2603,-57,65,5121,1336,,,9060,76012,45307,,,,
2020-05-16T17:00:00,ITA,07,Liguria,44.41149315,8.9326992,369,26,395,2138,2533,-70,51,5232,1346,,,9111,78068,46304,,,,
2020-05-17T17:00:00,ITA,07,Liguria,44.41149315,8.9326992,360,24,384,2072,2456,-77,48,5348,1355,,,9159,80154,47381,,,,
2020-05-18T17:00:00,ITA,07,Liguria,44.41149315,8.9326992,360,23,383,1956,2339,-117,32,5485,1367,,,9191,81485,47984,,,,
2020-05-19T17:00:00,ITA,07,Liguria,44.41149315,8.9326992,338,22,360,1904,2264,-75,66,5617,1376,,,9257,83593,49038,,,,
2020-05-20T17:00:00,ITA,07,Liguria,44.41149315,8.9326992,310,22,332,1846,2178,-86,32,5725,1386,,,9289,85140,49819,,,,
2020-05-21T17:00:00,ITA,07,Liguria,44.41149315,8.9326992,283,22,305,1770,2075,-103,55,5872,1397,,,9344,87011,50812,,,,
2020-05-22T17:00:00,ITA,07,Liguria,44.41149315,8.9326992,269,19,288,1620,1908,-167,45,6074,1407,,,9389,89529,51771,,,,
2020-05-23T17:00:00,ITA,07,Liguria,44.41149315,8.9326992,247,20,267,1467,1734,-174,38,6279,1414,,,9427,91735,52664,,,,
2020-05-24T17:00:00,ITA,07,Liguria,44.41149315,8.9326992,247,18,265,1359,1624,-110,53,6437,1419,,,9480,93173,53230,,,,
2020-05-25T17:00:00,ITA,07,Liguria,44.41149315,8.9326992,236,18,254,1302,1556,-68,17,6516,1425,,,9497,94472,53791,,,,
2020-05-26T17:00:00,ITA,07,Liguria,44.41149315,8.9326992,223,19,242,1196,1438,-118,53,6681,1431,,,9550,96678,54918,,,,
2020-05-27T17:00:00,ITA,07,Liguria,44.41149315,8.9326992,205,14,219,1050,1269,-169,39,6882,1438,,,9589,98835,55899,,,,
2020-05-28T17:00:00,ITA,07,Liguria,44.41149315,8.9326992,198,13,211,934,1145,-124,16,7015,1445,,,9605,100625,56739,,,,
2020-05-29T17:00:00,ITA,07,Liguria,44.41149315,8.9326992,192,13,205,789,994,-151,14,7173,1452,,,9619,102173,57376,,,,
2020-05-30T17:00:00,ITA,07,Liguria,44.41149315,8.9326992,186,9,195,586,781,-213,32,7411,1459,,,9651,104892,58665,,,,
2020-05-31T17:00:00,ITA,07,Liguria,44.41149315,8.9326992,195,8,203,466,669,-112,12,7529,1465,,,9663,106363,59374,,,,
2020-06-01T17:00:00,ITA,07,Liguria,44.41149315,8.9326992,191,7,198,413,611,-58,56,7641,1467,,,9719,107787,60117,,,,
2020-06-02T17:00:00,ITA,07,Liguria,44.41149315,8.9326992,175,7,182,364,546,-65,15,7720,1468,,,9734,109060,60631,,,,
2020-06-03T17:00:00,ITA,07,Liguria,44.41149315,8.9326992,169,6,175,339,514,-32,17,7764,1473,,,9751,110006,61006,,,,
2020-06-04T17:00:00,ITA,07,Liguria,44.41149315,8.9326992,149,6,155,239,394,-120,21,7899,1479,,,9772,111587,61688,,,,
2020-06-05T17:00:00,ITA,07,Liguria,44.41149315,8.9326992,142,6,148,96,244,-150,14,8056,1486,,,9786,113329,62417,,,,
2020-06-06T17:00:00,ITA,07,Liguria,44.41149315,8.9326992,136,4,140,105,245,1,13,8062,1492,,,9799,114887,63119,,,,
2020-06-07T17:00:00,ITA,07,Liguria,44.41149315,8.9326992,127,5,132,111,243,-2,13,8070,1499,,,9812,116247,63749,,,,
2020-06-08T17:00:00,ITA,07,Liguria,44.41149315,8.9326992,125,5,130,118,248,5,14,8073,1505,,,9826,117410,64349,,,,
2020-06-09T17:00:00,ITA,07,Liguria,44.41149315,8.9326992,119,5,124,125,249,1,8,8076,1509,,,9834,118891,65073,,,,
2020-06-10T17:00:00,ITA,07,Liguria,44.41149315,8.9326992,110,3,113,132,245,-4,20,8096,1513,,,9854,121023,66009,,,,
2020-06-11T17:00:00,ITA,07,Liguria,44.41149315,8.9326992,107,3,110,140,250,5,10,8100,1514,,,9864,122654,66755,,,,
2020-06-12T17:00:00,ITA,07,Liguria,44.41149315,8.9326992,103,3,106,143,249,-1,7,8106,1516,,,9871,124320,67544,,,,
2020-06-13T17:00:00,ITA,07,Liguria,44.41149315,8.9326992,91,3,94,150,244,-5,4,8113,1518,,,9875,125871,68333,,,,
2020-06-14T17:00:00,ITA,07,Liguria,44.41149315,8.9326992,85,3,88,155,243,-1,4,8115,1521,,,9879,126705,68766,,,,
2020-06-15T17:00:00,ITA,07,Liguria,44.41149315,8.9326992,87,2,89,157,246,3,8,8116,1525,,,9887,127913,69345,,,,
2020-06-16T17:00:00,ITA,07,Liguria,44.41149315,8.9326992,76,2,78,164,242,-4,4,8120,1529,,,9891,129249,69980,,,,
2020-06-17T17:00:00,ITA,07,Liguria,44.41149315,8.9326992,73,2,75,169,244,2,5,8120,1532,,,9896,130870,70737,,,,
2020-06-18T17:00:00,ITA,07,Liguria,44.41149315,8.9326992,70,2,72,174,246,2,7,8121,1536,,,9903,132375,71497,,,,
2020-06-19T17:00:00,ITA,07,Liguria,44.41149315,8.9326992,66,3,69,180,249,3,7,8121,1540,,,9910,133898,72175,,,,
2020-06-20T17:00:00,ITA,07,Liguria,44.41149315,8.9326992,61,3,64,186,250,1,10,8125,1545,,,9920,135379,73012,,,,
2020-06-21T17:00:00,ITA,07,Liguria,44.41149315,8.9326992,59,2,61,187,248,-2,7,8130,1549,,,9927,136647,73566,,,,
2020-06-22T17:00:00,ITA,07,Liguria,44.41149315,8.9326992,58,1,59,191,250,2,8,8133,1552,,,9935,137579,73979,,,,
2020-06-23T17:00:00,ITA,07,Liguria,44.41149315,8.9326992,61,1,62,193,255,5,4,8131,1553,,,9939,138694,74514,,,,
2020-06-24T17:00:00,ITA,07,Liguria,44.41149315,8.9326992,59,1,60,201,261,6,1,8124,1555,,,9940,139910,75134,,,,
2020-06-25T17:00:00,ITA,07,Liguria,44.41149315,8.9326992,56,1,57,202,259,-2,14,8139,1556,9033,921,9954,141472,75828,,,,
2020-06-26T17:00:00,ITA,07,Liguria,44.41149315,8.9326992,54,3,57,207,264,5,4,8138,1556,9014,944,9958,142669,76437,,,,
2020-06-27T17:00:00,ITA,07,Liguria,44.41149315,8.9326992,49,3,52,216,268,4,5,8138,1557,9013,950,9963,144156,77180,,,,
2020-06-28T17:00:00,ITA,07,Liguria,44.41149315,8.9326992,48,3,51,221,272,4,4,8137,1558,9016,951,9967,145111,77675,,,,
2020-06-29T17:00:00,ITA,07,Liguria,44.41149315,8.9326992,47,3,50,227,277,5,7,8139,1558,9019,955,9974,145902,78097,,,,
2020-06-30T17:00:00,ITA,07,Liguria,44.41149315,8.9326992,46,3,49,231,280,3,3,8139,1558,9012,965,9977,147156,78710,,,,
2020-07-01T17:00:00,ITA,07,Liguria,44.41149315,8.9326992,42,3,45,235,280,0,5,8144,1558,8747,1235,9982,148585,79497,,,,
2020-07-02T17:00:00,ITA,07,Liguria,44.41149315,8.9326992,41,3,44,237,281,1,2,8145,1558,8737,1247,9984,149910,80201,,,,
2020-07-03T17:00:00,ITA,07,Liguria,44.41149315,8.9326992,40,3,43,240,283,2,3,8146,1558,8723,1264,9987,151324,80887,,,,
2020-07-04T17:00:00,ITA,07,Liguria,44.41149315,8.9326992,39,2,41,242,283,0,4,8150,1558,8713,1278,9991,152888,81739,,,,
2020-07-05T17:00:00,ITA,07,Liguria,44.41149315,8.9326992,43,3,46,243,289,6,8,8152,1558,8721,1278,9999,154061,82338,,,,
2020-07-06T17:00:00,ITA,07,Liguria,44.41149315,8.9326992,46,0,46,243,289,0,2,8154,1558,8712,1289,10001,154636,82633,,,,
2020-07-07T17:00:00,ITA,07,Liguria,44.41149315,8.9326992,38,0,38,247,285,-4,2,8160,1558,8628,1375,10003,156101,83387,,,,
2020-07-08T17:00:00,ITA,07,Liguria,44.41149315,8.9326992,36,1,37,250,287,2,3,8161,1558,8557,1449,10006,157429,84072,,,,
2020-07-09T17:00:00,ITA,07,Liguria,44.41149315,8.9326992,34,1,35,243,278,-9,4,8174,1558,8530,1480,10010,158901,84825,,,,
2020-07-10T17:00:00,ITA,07,Liguria,44.41149315,8.9326992,25,1,26,238,264,-14,15,8203,1558,8483,1542,10025,160464,85633,,,,
2020-07-11T17:00:00,ITA,07,Liguria,44.41149315,8.9326992,26,0,26,227,253,-11,6,8219,1559,8478,1553,10031,161991,86422,,,,
2020-07-12T17:00:00,ITA,07,Liguria,44.41149315,8.9326992,25,0,25,214,239,-14,0,8233,1559,8475,1556,10031,163019,86925,,,,
2020-07-13T17:00:00,ITA,07,Liguria,44.41149315,8.9326992,24,0,24,194,218,-21,1,8255,1559,8466,1566,10032,163409,87165,,,,
2020-07-14T17:00:00,ITA,07,Liguria,44.41149315,8.9326992,23,0,23,171,194,-24,6,8283,1561,8459,1579,10038,164739,87873,,,,
2020-07-15T17:00:00,ITA,07,Liguria,44.41149315,8.9326992,24,0,24,172,196,2,4,8285,1561,8455,1587,10042,166213,88611,,,,
2020-07-16T17:00:00,ITA,07,Liguria,44.41149315,8.9326992,28,0,28,173,201,5,8,8285,1564,8448,1602,10050,167677,89337,,,,
2020-07-17T17:00:00,ITA,07,Liguria,44.41149315,8.9326992,29,0,29,157,186,-15,2,8301,1565,8447,1605,10052,169186,90102,,,,
2020-07-18T17:00:00,ITA,07,Liguria,44.41149315,8.9326992,28,0,28,172,200,14,18,8305,1565,8462,1608,10070,170650,90954,,,,
2020-07-19T17:00:00,ITA,07,Liguria,44.41149315,8.9326992,27,0,27,177,204,4,23,8324,1565,8469,1624,10093,171613,91468,,,,
2020-07-20T17:00:00,ITA,07,Liguria,44.41149315,8.9326992,28,0,28,157,185,-19,12,8355,1565,8467,1638,10105,172251,91898,,,,
2020-07-21T17:00:00,ITA,07,Liguria,44.41149315,8.9326992,29,0,29,161,190,5,12,8362,1565,8476,1641,10117,173705,92795,,,,
2020-07-22T17:00:00,ITA,07,Liguria,44.41149315,8.9326992,31,0,31,164,195,5,7,8364,1565,8480,1644,10124,175351,93807,,,,
2020-07-23T17:00:00,ITA,07,Liguria,44.41149315,8.9326992,29,0,29,170,199,4,15,8374,1566,8486,1653,10139,177278,94903,,,,
2020-07-24T17:00:00,ITA,07,Liguria,44.41149315,8.9326992,26,0,26,172,198,-1,5,8380,1566,8479,1665,10144,178615,95636,,,,
2020-07-25T17:00:00,ITA,07,Liguria,44.41149315,8.9326992,27,0,27,173,200,2,3,8381,1566,8463,1684,10147,179747,96298,,,,
2020-07-26T17:00:00,ITA,07,Liguria,44.41149315,8.9326992,29,1,30,173,203,3,3,8381,1566,8466,1684,10150,180830,96890,,,,
2020-07-27T17:00:00,ITA,07,Liguria,44.41149315,8.9326992,29,1,30,180,210,7,24,8398,1566,8484,1690,10174,182797,97867,,,,
2020-07-28T17:00:00,ITA,07,Liguria,44.41149315,8.9326992,27,0,27,182,209,-1,3,8402,1566,8463,1714,10177,184178,98525,,,,
2020-07-29T17:00:00,ITA,07,Liguria,44.41149315,8.9326992,21,0,21,176,197,-12,20,8434,1566,8482,1715,10197,185872,99364,,,,
2020-07-30T17:00:00,ITA,07,Liguria,44.41149315,8.9326992,21,0,21,175,196,-1,13,8448,1566,8494,1716,10210,187467,100167,,,,
2020-07-31T17:00:00,ITA,07,Liguria,44.41149315,8.9326992,19,0,19,181,200,4,4,8447,1567,8468,1746,10214,189022,100861,,,,
2020-08-01T17:00:00,ITA,07,Liguria,44.41149315,8.9326992,19,0,19,194,213,13,16,8450,1567,8474,1756,10230,190749,101716,,,,
2020-08-02T17:00:00,ITA,07,Liguria,44.41149315,8.9326992,20,0,20,196,216,3,6,8453,1567,8477,1759,10236,192061,102520,,,,
2020-08-03T17:00:00,ITA,07,Liguria,44.41149315,8.9326992,21,0,21,174,195,-21,2,8475,1568,8468,1770,10238,192669,102878,,,,
2020-08-04T17:00:00,ITA,07,Liguria,44.41149315,8.9326992,22,0,22,178,200,5,5,8475,1568,8446,1797,10243,193719,103441,,,,
2020-08-05T17:00:00,ITA,07,Liguria,44.41149315,8.9326992,18,0,18,189,207,7,7,8475,1568,8440,1810,10250,195342,104340,,,,
2020-08-06T17:00:00,ITA,07,Liguria,44.41149315,8.9326992,20,0,20,190,210,3,13,8485,1568,8443,1820,10263,196917,105218,,,,
2020-08-07T17:00:00,ITA,07,Liguria,44.41149315,8.9326992,22,1,23,193,216,6,9,8488,1568,8445,1827,10272,198244,105914,,,,
2020-08-08T17:00:00,ITA,07,Liguria,44.41149315,8.9326992,20,1,21,193,214,-2,4,8493,1569,8447,1829,10276,199248,105987,,,,
2020-08-09T17:00:00,ITA,07,Liguria,44.41149315,8.9326992,20,2,22,194,216,2,7,8498,1569,8447,1836,10283,201270,107771,,,,
2020-08-10T17:00:00,ITA,07,Liguria,44.41149315,8.9326992,20,2,22,190,212,-4,10,8512,1569,8455,1838,10293,202008,108164,,,,
2020-08-11T17:00:00,ITA,07,Liguria,44.41149315,8.9326992,18,2,20,203,223,11,11,8512,1569,8462,1842,10304,203325,108894,,,,
2020-08-12T17:00:00,ITA,07,Liguria,44.41149315,8.9326992,17,2,19,208,227,4,26,8534,1569,8481,1849,10330,205100,109799,,,,
2020-08-13T17:00:00,ITA,07,Liguria,44.41149315,8.9326992,20,2,22,235,257,30,63,8567,1569,8542,1851,10393,206804,110755,,,,
2020-08-14T17:00:00,ITA,07,Liguria,44.41149315,8.9326992,17,3,20,252,272,15,20,8572,1569,8561,1852,10413,208310,111663,,,,
2020-08-15T17:00:00,ITA,07,Liguria,44.41149315,8.9326992,17,3,20,253,273,1,33,8604,1569,8584,1862,10446,210231,112680,,,,
2020-08-16T17:00:00,ITA,07,Liguria,44.41149315,8.9326992,19,3,22,263,285,12,12,8604,1569,8589,1869,10458,211264,113221,,,,
2020-08-17T17:00:00,ITA,07,Liguria,44.41149315,8.9326992,22,3,25,270,295,10,16,8610,1569,8598,1876,10474,212088,113740,,,,
2020-08-18T17:00:00,ITA,07,Liguria,44.41149315,8.9326992,25,1,26,296,322,27,27,8610,1569,8613,1888,10501,213677,114701,,,,
2020-08-19T17:00:00,ITA,07,Liguria,44.41149315,8.9326992,23,1,24,319,343,21,30,8619,1569,8619,1912,10531,215615,115811,,,,
2020-08-20T17:00:00,ITA,07,Liguria,44.41149315,8.9326992,21,1,22,333,355,12,31,8636,1571,8629,1933,10562,217976,117149,,,,
2020-08-21T17:00:00,ITA,07,Liguria,44.41149315,8.9326992,19,1,20,345,365,10,21,8647,1571,8650,1933,10583,219770,118087,,,,
2020-08-22T17:00:00,ITA,07,Liguria,44.41149315,8.9326992,18,1,19,356,375,10,34,8671,1571,8668,1949,10617,221618,119030,,,,
2020-08-23T17:00:00,ITA,07,Liguria,44.41149315,8.9326992,18,1,19,379,398,23,28,8676,1571,8670,1975,10645,223155,119961,,,,
2020-08-24T17:00:00,ITA,07,Liguria,44.41149315,8.9326992,22,0,22,379,401,3,26,8699,1571,8670,2001,10671,224194,120593,,,,
2020-08-25T17:00:00,ITA,07,Liguria,44.41149315,8.9326992,24,0,24,389,413,12,12,8699,1571,8662,2021,10683,225756,121487,,,,
2020-08-26T17:00:00,ITA,07,Liguria,44.41149315,8.9326992,23,0,23,417,440,27,41,8713,1571,8683,2041,10724,228099,122720,,,,
2020-08-27T17:00:00,ITA,07,Liguria,44.41149315,8.9326992,26,0,26,432,458,18,37,8732,1571,8664,2097,10761,230312,123950,,,,
2020-08-28T17:00:00,ITA,07,Liguria,44.41149315,8.9326992,28,0,28,441,469,11,46,8767,1571,8644,2163,10807,232350,125061,,,,
2020-08-29T17:00:00,ITA,07,Liguria,44.41149315,8.9326992,29,1,30,463,493,24,47,8790,1571,8644,2210,10854,234286,126071,,,,
2020-08-30T17:00:00,ITA,07,Liguria,44.41149315,8.9326992,32,1,33,476,509,16,53,8827,1571,8670,2237,10907,236042,127057,,,,
2020-08-31T17:00:00,ITA,07,Liguria,44.41149315,8.9326992,38,1,39,502,541,32,44,8839,1571,8693,2258,10951,237402,128050,,,,
2020-09-01T17:00:00,ITA,07,Liguria,44.41149315,8.9326992,39,5,44,516,560,19,19,8839,1571,8644,2326,10970,239123,128951,,,,
2020-09-02T17:00:00,ITA,07,Liguria,44.41149315,8.9326992,38,6,44,563,607,47,47,8839,1571,8682,2335,11017,241801,130214,,,,
2020-09-03T17:00:00,ITA,07,Liguria,44.41149315,8.9326992,39,7,46,581,627,20,22,8840,1572,8666,2373,11039,244415,131659,,,,
2020-09-04T17:00:00,ITA,07,Liguria,44.41149315,8.9326992,48,6,54,619,673,46,47,8841,1572,8699,2387,11086,246584,132733,,,,
2020-09-05T17:00:00,ITA,07,Liguria,44.41149315,8.9326992,54,7,61,646,707,34,95,8901,1573,8761,2420,11181,249281,134393,,,,
2020-09-06T17:00:00,ITA,07,Liguria,44.41149315,8.9326992,62,9,71,697,768,61,111,8949,1575,8824,2468,11292,250867,135222,,,,
2020-09-07T17:00:00,ITA,07,Liguria,44.41149315,8.9326992,67,10,77,746,823,55,59,8951,1577,8838,2513,11351,251611,135646,,,,
2020-09-08T17:00:00,ITA,07,Liguria,44.41149315,8.9326992,85,11,96,764,860,37,64,8977,1578,8812,2603,11415,254193,137135,,,,
2020-09-09T17:00:00,ITA,07,Liguria,44.41149315,8.9326992,87,11,98,809,907,47,51,8980,1579,8814,2652,11466,256544,138436,,,,
2020-09-10T17:00:00,ITA,07,Liguria,44.41149315,8.9326992,91,11,102,839,941,34,114,9060,1579,8894,2686,11580,259510,139851,,,,
2020-09-11T17:00:00,ITA,07,Liguria,44.41149315,8.9326992,96,12,108,886,994,53,82,9089,1579,8914,2748,11662,262222,141350,,,,
2020-09-12T17:00:00,ITA,07,Liguria,44.41149315,8.9326992,109,11,120,968,1088,94,112,9107,1579,8984,2790,11774,264753,142774,,,,
2020-09-13T17:00:00,ITA,07,Liguria,44.41149315,8.9326992,115,11,126,1017,1143,55,78,9130,1579,9014,2838,11852,266435,143543,,,,
2020-09-14T17:00:00,ITA,07,Liguria,44.41149315,8.9326992,126,12,138,1062,1200,57,65,9135,1582,9030,2887,11917,267430,144077,,,,
2020-09-15T17:00:00,ITA,07,Liguria,44.41149315,8.9326992,128,12,140,1111,1251,51,141,9225,1582,9060,2998,12058,269875,145476,,,,
2020-09-16T17:00:00,ITA,07,Liguria,44.41149315,8.9326992,136,13,149,1174,1323,72,73,9225,1583,9085,3046,12131,273210,147046,,,,
2020-09-17T17:00:00,ITA,07,Liguria,44.41149315,8.9326992,135,15,150,1208,1358,35,40,9227,1586,9080,3091,12171,275505,148192,,,,
2020-09-18T17:00:00,ITA,07,Liguria,44.41149315,8.9326992,141,16,157,1257,1414,56,158,9329,1586,9217,3112,12329,279460,150104,,,,
2020-09-19T17:00:00,ITA,07,Liguria,44.41149315,8.9326992,140,16,156,1277,1433,19,78,9386,1588,9219,3188,12407,282126,151550,,,,
2020-09-20T17:00:00,ITA,07,Liguria,44.41149315,8.9326992,136,15,151,1310,1461,28,85,9440,1591,9293,3199,12492,284175,152634,,,,
2020-09-21T17:00:00,ITA,07,Liguria,44.41149315,8.9326992,145,15,160,1365,1525,64,64,9440,1591,9281,3275,12556,285528,153324,,,,
2020-09-22T17:00:00,ITA,07,Liguria,44.41149315,8.9326992,148,17,165,1365,1530,5,105,9539,1592,9308,3353,12661,288170,154818,,,,
2020-09-23T17:00:00,ITA,07,Liguria,44.41149315,8.9326992,149,18,167,1426,1593,63,108,9582,1594,9352,3417,12769,291936,156756,,,,
2020-09-24T17:00:00,ITA,07,Liguria,44.41149315,8.9326992,153,18,171,1483,1654,61,102,9621,1596,9393,3478,12871,294927,158350,,,,
2020-09-25T17:00:00,ITA,07,Liguria,44.41149315,8.9326992,145,17,162,1564,1726,72,73,9621,1597,9400,3544,12944,297680,159717,,,,
2020-09-26T17:00:00,ITA,07,Liguria,44.41149315,8.9326992,136,19,155,1582,1737,11,97,9705,1599,9448,3593,13041,300696,161282,,,,
2020-09-27T17:00:00,ITA,07,Liguria,44.41149315,8.9326992,137,22,159,1579,1738,1,45,9749,1599,9481,3605,13086,302604,162174,,,,
2020-09-28T17:00:00,ITA,07,Liguria,44.41149315,8.9326992,145,24,169,1601,1770,32,109,9825,1600,9545,3650,13195,304579,163180,,,,
2020-09-29T17:00:00,ITA,07,Liguria,44.41149315,8.9326992,143,22,165,1553,1718,-52,89,9963,1603,9554,3730,13284,307163,164500,,,,
2020-09-30T17:00:00,ITA,07,Liguria,44.41149315,8.9326992,143,22,165,1574,1739,21,51,9992,1604,9556,3779,13335,310367,166142,,,,
2020-10-01T17:00:00,ITA,07,Liguria,44.41149315,8.9326992,152,21,173,1598,1771,32,111,10067,1608,9624,3822,13446,313964,167855,,,,
2020-10-02T17:00:00,ITA,07,Liguria,44.41149315,8.9326992,161,23,184,1645,1829,58,140,10149,1608,9687,3899,13586,317583,169760,,,,
2020-10-03T17:00:00,ITA,07,Liguria,44.41149315,8.9326992,167,21,188,1672,1860,31,162,10279,1609,9779,3969,13748,321785,171959,,,,
2020-10-04T17:00:00,ITA,07,Liguria,44.41149315,8.9326992,167,23,190,1687,1877,17,121,10382,1610,9843,4026,13869,324170,173211,,,,
2020-10-05T17:00:00,ITA,07,Liguria,44.41149315,8.9326992,180,24,204,1703,1907,30,107,10459,1610,9913,4063,13976,325764,174024,,,,
2020-10-06T17:00:00,ITA,07,Liguria,44.41149315,8.9326992,178,23,201,1724,1925,18,170,10609,1612,9972,4174,14146,329089,175730,,,,
2020-10-07T17:00:00,ITA,07,Liguria,44.41149315,8.9326992,196,24,220,1812,2032,107,176,10676,1614,10046,4276,14322,332815,177511,,,,
2020-10-08T17:00:00,ITA,07,Liguria,44.41149315,8.9326992,195,28,223,1932,2155,123,152,10705,1614,10066,4408,14474,336672,179543,,,,
2020-10-09T17:00:00,ITA,07,Liguria,44.41149315,8.9326992,199,26,225,2050,2275,120,196,10780,1615,10165,4505,14670,340129,181069,,,,
2020-10-10T17:00:00,ITA,07,Liguria,44.41149315,8.9326992,222,26,248,2198,2446,171,213,10820,1617,10284,4599,14883,344162,183026,,,,
2020-10-11T17:00:00,ITA,07,Liguria,44.41149315,8.9326992,238,26,264,2334,2598,152,386,11052,1619,10599,4670,15269,347496,184673,,,,
2020-10-12T17:00:00,ITA,07,Liguria,44.41149315,8.9326992,261,24,285,2456,2741,143,186,11093,1621,10734,4721,15455,349066,185406,,,,
2020-10-13T17:00:00,ITA,07,Liguria,44.41149315,8.9326992,272,27,299,2624,2923,182,447,11357,1622,11088,4814,15902,353832,188093,,,,
2020-10-14T17:00:00,ITA,07,Liguria,44.41149315,8.9326992,286,29,315,2760,3075,152,362,11566,1623,11297,4967,16264,357813,190129,,,,
2020-10-15T17:00:00,ITA,07,Liguria,44.41149315,8.9326992,316,26,342,2771,3113,38,432,11957,1626,11472,5224,16696,362962,192467,,,,
2020-10-16T17:00:00,ITA,07,Liguria,44.41149315,8.9326992,347,32,379,2862,3241,128,585,12408,1632,11989,5292,17281,367942,194933,,,,
2020-10-17T17:00:00,ITA,07,Liguria,44.41149315,8.9326992,364,38,402,3156,3558,317,464,12554,1633,12399,5346,17745,373115,197088,,,,
2020-10-18T17:00:00,ITA,07,Liguria,44.41149315,8.9326992,402,39,441,3318,3759,201,370,12720,1636,12740,5375,18115,376443,198617,,,,
2020-10-19T17:00:00,ITA,07,Liguria,44.41149315,8.9326992,436,34,470,3441,3911,152,323,12886,1641,12884,5554,18438,378314,199539,,,,
2020-10-20T17:00:00,ITA,07,Liguria,44.41149315,8.9326992,505,32,537,3947,4484,573,907,13214,1647,13628,5717,19345,384376,202738,,,,
2020-10-21T17:00:00,ITA,07,Liguria,44.41149315,8.9326992,547,31,578,4043,4621,137,546,13614,1656,13925,5966,19891,389326,204834,,,,
2020-10-22T17:00:00,ITA,07,Liguria,44.41149315,8.9326992,540,34,574,4492,5066,445,690,13842,1673,14535,6046,20581,394365,207034,,,,
2020-10-23T17:00:00,ITA,07,Liguria,44.41149315,8.9326992,598,33,631,4838,5469,403,778,14210,1680,15062,6297,21359,399461,209220,,,,
2020-10-24T17:00:00,ITA,07,Liguria,44.41149315,8.9326992,641,38,679,5081,5760,291,1035,14948,1686,15958,6436,22394,405575,212171,,,,
2020-10-25T17:00:00,ITA,07,Liguria,44.41149315,8.9326992,696,41,737,5299,6036,276,657,15324,1691,16455,6596,23051,409770,214109,,,,
2020-10-26T17:00:00,ITA,07,Liguria,44.41149315,8.9326992,788,46,834,5608,6442,406,419,15324,1704,16837,6633,23470,412289,215143,,,,
2020-10-27T17:00:00,ITA,07,Liguria,44.41149315,8.9326992,837,45,882,6075,6957,515,1127,15922,1718,17732,6865,24597,418646,218449,,,,
2020-10-28T17:00:00,ITA,07,Liguria,44.41149315,8.9326992,878,46,924,6554,7478,521,926,16312,1733,18076,7447,25523,424986,221286,,,,
2020-10-29T17:00:00,ITA,07,Liguria,44.41149315,8.9326992,907,50,957,6979,7936,458,1018,16863,1742,18879,7662,26541,431053,224168,,,,
2020-10-30T17:00:00,ITA,07,Liguria,44.41149315,8.9326992,948,52,1000,7322,8322,386,999,17469,1749,19564,7976,27540,437287,226812,,,,
2020-10-31T17:00:00,ITA,07,Liguria,44.41149315,8.9326992,1036,57,1093,7338,8431,109,1068,18403,1774,20350,8258,28608,443676,229381,,,,
2020-11-01T17:00:00,ITA,07,Liguria,44.41149315,8.9326992,1080,63,1143,7571,8714,283,736,18849,1781,21066,8278,29344,447720,231090,,,,
2020-11-02T17:00:00,ITA,07,Liguria,44.41149315,8.9326992,1133,57,1190,8104,9294,580,599,18859,1790,21510,8433,29943,450566,232521,,,,
2020-11-03T17:00:00,ITA,07,Liguria,44.41149315,8.9326992,1147,64,1211,8618,9829,535,1052,19356,1810,21800,9195,30995,457185,235736,,,,
2020-11-04T17:00:00,ITA,07,Liguria,44.41149315,8.9326992,1196,77,1273,9194,10467,638,1122,19816,1834,22570,9547,32117,463326,238930,,,,
2020-11-05T17:00:00,ITA,07,Liguria,44.41149315,8.9326992,1236,76,1312,9911,11223,756,1208,20239,1863,23424,9901,33325,469913,241779,,,,
2020-11-06T17:00:00,ITA,07,Liguria,44.41149315,8.9326992,1315,78,1393,10299,11692,469,1127,20881,1879,24320,10132,34452,475685,244325,,,,
2020-11-07T17:00:00,ITA,07,Liguria,44.41149315,8.9326992,1303,77,1380,10728,12108,416,1092,21522,1914,24746,10798,35544,481315,246833,,,,
2020-11-08T17:00:00,ITA,07,Liguria,44.41149315,8.9326992,1334,81,1415,10993,12408,300,886,22106,1916,25326,11104,36430,486171,248706,,,,
2020-11-09T17:00:00,ITA,07,Liguria,44.41149315,8.9326992,1387,92,1479,11242,12721,313,538,22310,1937,25834,11134,36968,489301,249942,,,,
2020-11-10T17:00:00,ITA,07,Liguria,44.41149315,8.9326992,1315,92,1407,11929,13336,615,1172,22828,1976,26677,11463,38140,496323,253455,,,,
2020-11-11T17:00:00,ITA,07,Liguria,44.41149315,8.9326992,1315,98,1413,12542,13955,619,1102,23278,2009,27482,11760,39242,503245,256277,,,,
2020-11-12T17:00:00,ITA,07,Liguria,44.41149315,8.9326992,1363,109,1472,13189,14661,706,1013,23554,2040,28067,12188,40255,509052,258621,,,,
2020-11-13T17:00:00,ITA,07,Liguria,44.41149315,8.9326992,1372,110,1482,13403,14885,224,1209,24521,2058,28704,12760,41464,516330,261534,,,,
2020-11-14T17:00:00,ITA,07,Liguria,44.41149315,8.9326992,1402,108,1510,13824,15334,449,1091,25133,2088,29720,12835,42555,522497,264030,,,,
2020-11-15T17:00:00,ITA,07,Liguria,44.41149315,8.9326992,1393,115,1508,14230,15738,404,822,25530,2109,30385,12992,43377,527347,265754,,,,
2020-11-16T17:00:00,ITA,07,Liguria,44.41149315,8.9326992,1381,111,1492,14409,15901,163,365,25717,2124,30461,13281,43742,529552,266634,,,,
2020-11-17T17:00:00,ITA,07,Liguria,44.41149315,8.9326992,1393,117,1510,15021,16531,630,685,25752,2144,30766,13661,44427,535222,268832,,,,
2020-11-18T17:00:00,ITA,07,Liguria,44.41149315,8.9326992,1371,118,1489,15279,16768,237,775,26271,2163,31254,13948,45202,542028,271234,,,,
2020-11-19T17:00:00,ITA,07,Liguria,44.41149315,8.9326992,1319,119,1438,15589,17027,259,792,26789,2178,31765,14229,45994,548215,273332,,,,
2020-11-20T17:00:00,ITA,07,Liguria,44.41149315,8.9326992,1290,120,1410,14544,15954,-1073,761,28594,2207,32198,14557,46755,553862,275463,,,,
2020-11-21T17:00:00,ITA,07,Liguria,44.41149315,8.9326992,1241,119,1360,14513,15873,-81,761,29416,2227,32708,14808,47516,560338,277654,,,,
2020-11-22T17:00:00,ITA,07,Liguria,44.41149315,8.9326992,1253,122,1375,14503,15878,5,611,30008,2241,33196,14931,48127,564766,279225,,,,
2020-11-23T17:00:00,ITA,07,Liguria,44.41149315,8.9326992,1248,122,1370,13951,15321,-557,285,30830,2261,33202,15210,48412,567597,280174,,,,
2020-11-24T17:00:00,ITA,07,Liguria,44.41149315,8.9326992,1179,121,1300,13483,14783,-538,509,31852,2286,33624,15297,48921,572618,281926,,,,
2020-11-25T17:00:00,ITA,07,Liguria,44.41149315,8.9326992,1115,123,1238,12817,14055,-728,460,33018,2308,33844,15537,49381,578449,283560,,,,
2020-11-26T17:00:00,ITA,07,Liguria,44.41149315,8.9326992,1075,114,1189,12303,13492,-563,570,34137,2322,34280,15671,49951,584154,285519,,,,
2020-11-27T17:00:00,ITA,07,Liguria,44.41149315,8.9326992,1019,109,1128,11883,13011,-481,606,35210,2336,34482,16075,50557,589686,287369,,,,
2020-11-28T17:00:00,ITA,07,Liguria,44.41149315,8.9326992,968,117,1085,11640,12725,-286,454,35925,2361,34709,16302,51011,594426,288865,,,,
2020-11-29T17:00:00,ITA,07,Liguria,44.41149315,8.9326992,970,111,1081,11525,12606,-119,437,36462,2380,35049,16399,51448,598285,290019,,,,
2020-11-30T17:00:00,ITA,07,Liguria,44.41149315,8.9326992,997,113,1110,11106,12216,-390,236,37081,2387,34778,16906,51684,600386,290739,,,,
2020-12-01T17:00:00,ITA,07,Liguria,44.41149315,8.9326992,1003,105,1108,11042,12150,-66,339,37469,2404,34832,17191,52023,604686,292065,,,,
2020-12-02T17:00:00,ITA,07,Liguria,44.41149315,8.9326992,963,102,1065,10934,11999,-151,349,37950,2423,35020,17352,52372,609306,293385,,,,
2020-12-03T17:00:00,ITA,07,Liguria,44.41149315,8.9326992,932,102,1034,10424,11458,-541,422,38887,2449,0,0,52794,614263,294667,,4,,
2020-12-04T17:00:00,ITA,07,Liguria,44.41149315,8.9326992,912,99,1011,10016,11027,-431,367,39660,2474,,,53161,619028,296122,,4,i 81323 test antigenici rapidi sono riferiti a partire dal 02/11/2020;  in Regione Liguria la positività al test antigenico rapido è seguita da conferma con test molecolare,
2020-12-05T17:00:00,ITA,07,Liguria,44.41149315,8.9326992,897,93,990,9528,10518,-509,314,40456,2501,,,53475,622736,297122,,3,i 86151 test antigenici rapidi sono riferiti a partire dal 02/11/2020;  in Regione Liguria la positività al test antigenico rapido è seguita da conferma con test molecolare,
2020-12-06T17:00:00,ITA,07,Liguria,44.41149315,8.9326992,868,92,960,9456,10416,-102,304,40842,2521,,,53779,625828,298052,,5,i 89266 test antigenici rapidi sono riferiti a partire dal 02/11/2020;  in Regione Liguria la positività al test antigenico rapido è seguita da conferma con test molecolare,
2020-12-07T17:00:00,ITA,07,Liguria,44.41149315,8.9326992,867,92,959,9051,10010,-406,128,41353,2544,,,53907,627252,298504,,2,i 91758 test antigenici rapidi sono riferiti a partire dal 02/11/2020;  in Regione Liguria la positività al test antigenico rapido è seguita da conferma con test molecolare,
2020-12-08T17:00:00,ITA,07,Liguria,44.41149315,8.9326992,841,91,932,8813,9745,-265,266,41865,2563,,,54173,631209,299600,,3,i 96493 test antigenici rapidi sono riferiti a partire dal 02/11/2020;  in Regione Liguria la positività al test antigenico rapido è seguita da conferma con test molecolare,
2020-12-09T17:00:00,ITA,07,Liguria,44.41149315,8.9326992,841,88,929,8318,9247,-498,191,42526,2591,,,54364,633457,300174,,4,i 99296 test antigenici rapidi sono riferiti a partire dal 02/11/2020;  in Regione Liguria la positività al test antigenico rapido è seguita da conferma con test molecolare,
2020-12-10T17:00:00,ITA,07,Liguria,44.41149315,8.9326992,822,85,907,8051,8958,-289,320,43124,2602,,,54684,637449,301691,,3,i 104903 test antigenici rapidi sono riferiti a partire dal 02/11/2020;  in Regione Liguria la positività al test antigenico rapido è seguita da conferma con test molecolare,
2020-12-11T17:00:00,ITA,07,Liguria,44.41149315,8.9326992,803,84,887,7878,8765,-193,340,43632,2627,,,55024,642156,302888,,4,i 108998 test antigenici rapidi sono riferiti a partire dal 02/11/2020;  in Regione Liguria la positività al test antigenico rapido è seguita da conferma con test molecolare,
2020-12-12T17:00:00,ITA,07,Liguria,44.41149315,8.9326992,782,77,859,7610,8469,-296,263,44169,2649,,,55287,646433,304092,,4,i 112175 test antigenici rapidi sono riferiti a partire dal 02/11/2020;  in Regione Liguria la positività al test antigenico rapido è seguita da conferma con test molecolare,
2020-12-13T17:00:00,ITA,07,Liguria,44.41149315,8.9326992,768,75,843,7552,8395,-74,331,44566,2657,,,55618,649185,304928,,4,i 113911 test antigenici rapidi sono riferiti a partire dal 02/11/2020;  in Regione Liguria la positività al test antigenico rapido è seguita da conferma con test molecolare,
2020-12-14T17:00:00,ITA,07,Liguria,44.41149315,8.9326992,780,73,853,7427,8280,-115,223,44887,2674,,,55841,651718,306034,,1,Dei 115299 test antigenici rapidi sono riferiti a partire dal 02/11/2020;  in Regione Liguria la positività al test antigenico rapido è seguita da conferma con test molecolare,
2020-12-15T17:00:00,ITA,07,Liguria,44.41149315,8.9326992,768,71,839,7276,8115,-165,202,45234,2694,,,56043,655617,307046,,3,,
2020-12-16T17:00:00,ITA,07,Liguria,44.41149315,8.9326992,755,71,826,7203,8029,-86,275,45584,2705,,,56318,660289,308177,,5,Dei 120854 test antigenici rapidi sono riferiti a partire dal 02/11/2020;  in Regione Liguria la positività al test antigenico rapido è seguita da conferma con test molecolare,
2020-12-17T17:00:00,ITA,07,Liguria,44.41149315,8.9326992,746,69,815,6814,7629,-400,416,46381,2724,,,56734,664622,309643,,4,I 123979 test antigenici rapidi sono riferiti a partire dal 02/11/2020;  in Regione Liguria la positività al test antigenico rapido è seguita da conferma con test molecolare.,
2020-12-18T17:00:00,ITA,07,Liguria,44.41149315,8.9326992,716,70,786,6680,7466,-163,287,46801,2754,,,57021,668390,310786,,2,I 126843 test antigenici rapidi sono riferiti a partire dal 02/11/2020;  in Regione Liguria la positività al test antigenico rapido è seguita da conferma con test molecolare.,
2020-12-19T17:00:00,ITA,07,Liguria,44.41149315,8.9326992,702,71,773,6324,7097,-369,271,47429,2766,,,57292,672431,311953,,3,I 129339 test antigenici rapidi sono riferiti a partire dal 02/11/2020;  in Regione Liguria la positività al test antigenico rapido è seguita da conferma con test molecolare.,
2020-12-20T17:00:00,ITA,07,Liguria,44.41149315,8.9326992,695,70,765,6070,6835,-262,285,47974,2768,,,57577,675557,312913,,3,I 130949 test antigenici rapidi sono riferiti a partire dal 02/11/2020;  in Regione Liguria la positività al test antigenico rapido è seguita da conferma con test molecolare.,
2020-12-21T17:00:00,ITA,07,Liguria,44.41149315,8.9326992,688,70,758,5830,6588,-247,177,48384,2782,,,57754,677043,313395,,3,I 132238 test antigenici rapidi sono riferiti a partire dal 02/11/2020;  in Regione Liguria la positività al test antigenico rapido è seguita da conferma con test molecolare.,
2020-12-22T17:00:00,ITA,07,Liguria,44.41149315,8.9326992,700,65,765,5703,6468,-120,216,48704,2798,,,57970,680832,314620,,1,I 135297 test antigenici rapidi sono riferiti a partire dal 02/11/2020;  in Regione Liguria la positività al test antigenico rapido è seguita da conferma con test molecolare.,
2020-12-23T17:00:00,ITA,07,Liguria,44.41149315,8.9326992,689,64,753,5424,6177,-291,228,49202,2819,,,58198,684768,315604,,5,I 139001 test antigenici rapidi sono riferiti a partire dal 02/11/2020;  in Regione Liguria la positività al test antigenico rapido è seguita da conferma con test molecolare.,
2020-12-24T17:00:00,ITA,07,Liguria,44.41149315,8.9326992,687,64,751,5207,5958,-219,328,49737,2831,,,58526,689389,316700,,4,I 143027 test antigenici rapidi sono riferiti a partire dal 02/11/2020;  in Regione Liguria la positività al test antigenico rapido è seguita da conferma con test molecolare.,
2020-12-25T17:00:00,ITA,07,Liguria,44.41149315,8.9326992,663,64,727,4942,5669,-289,445,50460,2842,,,58971,693519,317936,,3,I 145443 test antigenici rapidi sono riferiti a partire dal 02/11/2020;  in Regione Liguria la positività al test antigenico rapido è seguita da conferma con test molecolare.,
2020-12-26T17:00:00,ITA,07,Liguria,44.41149315,8.9326992,672,66,738,4934,5672,3,34,50489,2844,,,59005,694040,318045,,2,,
2020-12-27T17:00:00,ITA,07,Liguria,44.41149315,8.9326992,695,66,761,5008,5769,97,99,50489,2846,,,59104,695223,318446,,5,I 146664 test antigenici rapidi sono riferiti a partire dal 02/11/2020;  in Regione Liguria la positività al test antigenico rapido è seguita da conferma con test molecolare.,
2020-12-28T17:00:00,ITA,07,Liguria,44.41149315,8.9326992,718,61,779,4909,5688,-81,173,50737,2852,,,59277,696992,319115,,0,I 148059 test antigenici rapidi sono riferiti a partire dal 02/11/2020;  in Regione Liguria la positività al test antigenico rapido è seguita da conferma con test molecolare.,
2020-12-29T17:00:00,ITA,07,Liguria,44.41149315,8.9326992,711,63,774,4985,5759,71,305,50956,2867,,,59582,701035,320126,,7,I 151199 test antigenici rapidi sono riferiti a partire dal 02/11/2020;  in Regione Liguria la positività al test antigenico rapido è seguita da conferma con test molecolare.,
2020-12-30T17:00:00,ITA,07,Liguria,44.41149315,8.9326992,712,63,775,4853,5628,-131,415,51489,2880,,,59997,706883,322079,,2,I 155891 test antigenici rapidi sono riferiti a partire dal 02/11/2020;  in Regione Liguria la positività al test antigenico rapido è seguita da conferma con test molecolare.,
2020-12-31T17:00:00,ITA,07,Liguria,44.41149315,8.9326992,694,65,759,4861,5620,-8,472,51958,2891,,,60469,711036,323257,,5,I 160617 test antigenici rapidi sono riferiti a partire dal 02/11/2020;  in Regione Liguria la positività al test antigenico rapido è seguita da conferma con test molecolare.,
2021-01-01T17:00:00,ITA,07,Liguria,44.41149315,8.9326992,664,63,727,4870,5597,-23,412,52386,2898,,,60881,714541,324246,,4,I 162362 test antigenici rapidi sono riferiti a partire dal 02/11/2020;  in Regione Liguria la positività al test antigenico rapido è seguita da conferma con test molecolare.,
2021-01-02T17:00:00,ITA,07,Liguria,44.41149315,8.9326992,674,66,740,4962,5702,105,203,52475,2907,,,61084,715806,324658,,5,I 162885 test antigenici rapidi sono riferiti a partire dal 02/11/2020;  in Regione Liguria la positività al test antigenico rapido è seguita da conferma con test molecolare.,
2021-01-03T17:00:00,ITA,07,Liguria,44.41149315,8.9326992,696,71,767,5020,5787,85,221,52606,2912,,,61305,717946,325350,,6,I 164106 test antigenici rapidi sono riferiti a partire dal 02/11/2020;  in Regione Liguria la positività al test antigenico rapido è seguita da conferma con test molecolare.,
2021-01-04T17:00:00,ITA,07,Liguria,44.41149315,8.9326992,716,75,791,4957,5748,-39,204,52844,2917,,,61509,719953,326003,,5,I 165501 test antigenici rapidi sono riferiti a partire dal 02/11/2020;  in Regione Liguria la positività al test antigenico rapido è seguita da conferma con test molecolare.,
2021-01-05T17:00:00,ITA,07,Liguria,44.41149315,8.9326992,708,73,781,4791,5572,-176,404,53412,2929,,,61913,724539,327367,,2,I 168529 test antigenici rapidi sono riferiti a partire dal 02/11/2020;  in Regione Liguria la positività al test antigenico rapido è seguita da conferma con test molecolare.,
2021-01-06T17:00:00,ITA,07,Liguria,44.41149315,8.9326992,703,65,768,4656,5424,-148,365,53907,2947,,,62278,729125,328647,,0,I 170421 test antigenici rapidi sono riferiti a partire dal 02/11/2020;  in Regione Liguria la positività al test antigenico rapido è seguita da conferma con test molecolare.,
2021-01-07T17:00:00,ITA,07,Liguria,44.41149315,8.9326992,711,62,773,4528,5301,-123,196,54210,2963,,,62474,730767,329176,,1,I 171367 test antigenici rapidi sono riferiti a partire dal 02/11/2020;  in Regione Liguria la positività al test antigenico rapido è seguita da conferma con test molecolare.,
2021-01-08T17:00:00,ITA,07,Liguria,44.41149315,8.9326992,717,67,784,4421,5205,-96,400,54689,2980,,,62874,735330,330608,,7,I 175908 test antigenici rapidi sono riferiti a partire dal 02/11/2020;  in Regione Liguria la positività al test antigenico rapido è seguita da conferma con test molecolare.,
2021-01-09T17:00:00,ITA,07,Liguria,44.41149315,8.9326992,702,65,767,4377,5144,-61,526,55257,2999,,,63400,739849,332011,,7,I 180827 test antigenici rapidi sono riferiti a partire dal 02/11/2020;  in Regione Liguria la positività al test antigenico rapido è seguita da conferma con test molecolare.,
2021-01-10T17:00:00,ITA,07,Liguria,44.41149315,8.9326992,709,64,773,4453,5226,82,374,55538,3010,,,63774,742726,333083,,5,I 182909 test antigenici rapidi sono riferiti a partire dal 02/11/2020;  in Regione Liguria la positività al test antigenico rapido è seguita da conferma con test molecolare.,
2021-01-11T17:00:00,ITA,07,Liguria,44.41149315,8.9326992,737,64,801,4281,5082,-144,226,55900,3018,,,64000,744811,333981,,2,I 184422 test antigenici rapidi sono riferiti a partire dal 02/11/2020;  in Regione Liguria la positività al test antigenico rapido è seguita da conferma con test molecolare.,
2021-01-12T17:00:00,ITA,07,Liguria,44.41149315,8.9326992,731,65,796,4232,5028,-54,276,56202,3046,,,64276,749871,335502,,2,I 186488 test antigenici rapidi sono riferiti a partire dal 02/11/2020;  in Regione Liguria la positività al test antigenico rapido è seguita da conferma con test molecolare.,
2021-01-13T17:00:00,ITA,07,Liguria,44.41149315,8.9326992,689,62,751,4251,5002,-26,395,56605,3064,,,64671,754313,336922,,5,I 188772 test antigenici rapidi sono riferiti a partire dal 02/11/2020;  in Regione Liguria la positività al test antigenico rapido è seguita da conferma con test molecolare.,
2021-01-14T17:00:00,ITA,07,Liguria,44.41149315,8.9326992,678,65,743,4331,5074,72,289,56812,3074,,,64960,758219,338106,,5,I 191219 test antigenici rapidi sono riferiti a partire dal 02/11/2020;  in Regione Liguria la positività al test antigenico rapido è seguita da conferma con test molecolare.,
2021-01-15T17:00:00,ITA,07,Liguria,44.41149315,8.9326992,668,59,727,4307,5034,-40,254,57096,3084,,,65214,764447,340315,,0,I 2243 test antigenici rapidi sono riferiti alle 24 ore precedenti come richiesto nella comunicazione e-mail del 13/01/2021;  in Regione Liguria la positività al test antigenico rapido è seguita da conferma con test molecolare.,,65214,0,762204,2243,ITC,ITC3
2021-01-16T17:00:00,ITA,07,Liguria,44.41149315,8.9326992,653,63,716,4138,4854,-180,321,57577,3104,,,65535,770531,342608,,6,,in Regione Liguria la positività al test antigenico rapido è seguita da conferma con test molecolare.,65535,0,766182,4349,ITC,ITC3
2021-01-17T17:00:00,ITA,07,Liguria,44.41149315,8.9326992,657,62,719,4247,4966,112,228,57681,3116,,,65763,774653,344159,,4,,in Regione Liguria la positività al test antigenico rapido è seguita da conferma con test molecolare.,65763,0,768944,5709,ITC,ITC3
2021-01-18T17:00:00,ITA,07,Liguria,44.41149315,8.9326992,654,64,718,4331,5049,83,263,57849,3128,,,66026,777459,345256,,4,,in Regione Liguria la positività al test antigenico rapido è seguita da conferma con test molecolare.,66026,0,770663,6796,ITC,ITC3
2021-01-19T17:00:00,ITA,07,Liguria,44.41149315,8.9326992,643,60,703,4108,4811,-238,235,58305,3145,,,66261,785085,348468,,3,,in Regione Liguria la positività al test antigenico rapido è seguita da conferma con test molecolare.,66261,0,775713,9372,ITC,ITC3
2021-01-20T17:00:00,ITA,07,Liguria,44.41149315,8.9326992,643,59,702,4056,4758,-53,285,58619,3169,,,66546,791742,351024,,3,,in Regione Liguria la positività al test antigenico rapido è seguita da conferma con test molecolare.,66546,0,779523,12219,ITC,ITC3
2021-01-21T17:00:00,ITA,07,Liguria,44.41149315,8.9326992,635,62,697,3906,4603,-155,243,59003,3183,,,66789,798715,353662,,6,,in Regione Liguria la positività al test antigenico rapido è seguita da conferma con test molecolare.,66789,0,783446,15269,ITC,ITC3
2021-01-22T17:00:00,ITA,07,Liguria,44.41149315,8.9326992,615,61,676,3842,4518,-85,313,59381,3203,,,67102,805701,356370,,3,,in Regione Liguria la positività al test antigenico rapido è seguita da conferma con test molecolare.,67102,0,787636,18065,ITC,ITC3
2021-01-23T17:00:00,ITA,07,Liguria,44.41149315,8.9326992,591,65,656,3914,4570,52,298,59610,3220,,,67400,812181,358768,,9,,in Regione Liguria la positività al test antigenico rapido è seguita da conferma con test molecolare.,67400,0,791490,20691,ITC,ITC3
2021-01-24T17:00:00,ITA,07,Liguria,44.41149315,8.9326992,603,64,667,3945,4612,42,293,59846,3235,,,67693,816993,360670,,3,,in Regione Liguria la positività al test antigenico rapido è seguita da conferma con test molecolare.,67693,0,794607,22386,ITC,ITC3
2021-01-25T17:00:00,ITA,07,Liguria,44.41149315,8.9326992,622,67,689,3849,4538,-74,164,60078,3241,,,67857,819985,361787,,6,,in Regione Liguria la positività al test antigenico rapido è seguita da conferma con test molecolare.,67857,0,796244,23741,ITC,ITC3
2021-01-26T17:00:00,ITA,07,Liguria,44.41149315,8.9326992,617,65,682,3735,4417,-121,271,60453,3258,,,68128,827341,364783,,2,,in Regione Liguria la positività al test antigenico rapido è seguita da conferma con test molecolare.,68128,0,800873,26468,ITC,ITC3
2021-01-27T17:00:00,ITA,07,Liguria,44.41149315,8.9326992,591,68,659,3586,4245,-172,268,60873,3278,,,68396,834479,367463,in Regione Liguria la positività al test antigenico rapido è seguita da conferma con test molecolare.,6,,,68396,0,804996,29483,ITC,ITC3
2021-01-28T17:00:00,ITA,07,Liguria,44.41149315,8.9326992,588,67,655,3591,4246,1,372,61222,3300,,,68768,841787,370398,in Regione Liguria la positività al test antigenico rapido è seguita da conferma con test molecolare.,1,,,68768,0,809075,32712,ITC,ITC3
2021-01-29T17:00:00,ITA,07,Liguria,44.41149315,8.9326992,591,64,655,3650,4305,59,338,61476,3325,,,69106,849066,373287,in Regione Liguria la positività al test antigenico rapido è seguita da conferma con test molecolare.,1,,,69106,0,813393,35673,ITC,ITC3
2021-01-30T17:00:00,ITA,07,Liguria,44.41149315,8.9326992,588,62,650,3745,4395,90,255,61625,3341,,,69361,855992,375966,in Regione Liguria la positività al test antigenico rapido è seguita da conferma con test molecolare.,0,,,69361,0,817538,38454,ITC,ITC3
2021-01-31T17:00:00,ITA,07,Liguria,44.41149315,8.9326992,612,65,677,3759,4436,41,307,61880,3352,,,69668,862130,377791,in Regione Liguria la positività al test antigenico rapido è seguita da conferma con test molecolare.,3,,,69668,0,820447,41683,ITC,ITC3
2021-02-01T17:00:00,ITA,07,Liguria,44.41149315,8.9326992,631,65,696,3870,4566,130,149,61892,3359,,,69817,864254,378515,,5,,in Regione Liguria la positività al test antigenico rapido è seguita da conferma con test molecolare.,69817,0,821828,42426,ITC,ITC3
2021-02-02T17:00:00,ITA,07,Liguria,44.41149315,8.9326992,630,64,694,3691,4385,-181,238,62299,3371,,,70055,869782,380164,,2,,in Regione Liguria la positività al test antigenico rapido è seguita da conferma con test molecolare.,70055,0,825622,44160,ITC,ITC3
2021-02-03T17:00:00,ITA,07,Liguria,44.41149315,8.9326992,641,64,705,3734,4439,54,233,62451,3398,,,70288,876302,381711,,5,,in Regione Liguria la positività al test antigenico rapido è seguita da conferma con test molecolare.,70288,0,829405,46897,ITC,ITC3
2021-02-04T17:00:00,ITA,07,Liguria,44.41149315,8.9326992,627,64,691,3712,4403,-36,489,62966,3408,,,70777,884099,383859,,4,,in Regione Liguria la positività al test antigenico rapido è seguita da conferma con test molecolare.,70777,0,834270,49829,ITC,ITC3
2021-02-05T17:00:00,ITA,07,Liguria,44.41149315,8.9326992,631,62,693,3794,4487,84,332,63205,3417,,,71109,891881,386424,,4,,in Regione Liguria la positività al test antigenico rapido è seguita da conferma con test molecolare.,71109,0,839364,52517,ITC,ITC3
2021-02-06T17:00:00,ITA,07,Liguria,44.41149315,8.9326992,609,61,670,3924,4594,107,276,63346,3445,,,71385,898257,388159,,3,,in Regione Liguria la positività al test antigenico rapido è seguita da conferma con test molecolare.,71385,0,843214,55043,ITC,ITC3
2021-02-07T17:00:00,ITA,07,Liguria,44.41149315,8.9326992,608,61,669,3982,4651,57,364,63644,3454,,,71749,902861,389514,,3,,in Regione Liguria la positività al test antigenico rapido è seguita da conferma con test molecolare.,71749,0,846189,56672,ITC,ITC3
2021-02-08T17:00:00,ITA,07,Liguria,44.41149315,8.9326992,609,63,672,4122,4794,143,220,63709,3466,,,71969,906468,391081,,3,,in Regione Liguria la positività al test antigenico rapido è seguita da conferma con test molecolare.,71969,0,848493,57975,ITC,ITC3
2021-02-09T17:00:00,ITA,07,Liguria,44.41149315,8.9326992,616,63,679,4051,4730,-64,257,64020,3476,,,72226,912708,393393,,4,,in Regione Liguria la positività al test antigenico rapido è seguita da conferma con test molecolare.,72226,0,852532,60176,ITC,ITC3
2021-02-10T17:00:00,ITA,07,Liguria,44.41149315,8.9326992,607,62,669,4012,4681,-49,364,64426,3483,,,72590,919858,395970,,3,,,72590,0,857250,62608,ITC,ITC3
2021-02-11T17:00:00,ITA,07,Liguria,44.41149315,8.9326992,604,62,666,4131,4797,116,319,64621,3491,,,72909,926352,398480,,4,,,72909,0,861138,65214,ITC,ITC3
2021-02-12T17:00:00,ITA,07,Liguria,44.41149315,8.9326992,597,57,654,4283,4937,140,332,64805,3499,,,73241,933085,401117,,3,,in Regione Liguria la positività al test antigenico rapido è seguita da conferma con test molecolare.,73241,0,865482,67603,ITC,ITC3
2021-02-13T17:00:00,ITA,07,Liguria,44.41149315,8.9326992,561,56,617,4213,4830,-107,300,65204,3507,,,73541,939440,403596,,2,,in Regione Liguria la positività al test antigenico rapido è seguita da conferma con test molecolare.,73541,0,869593,69847,ITC,ITC3
2021-02-14T17:00:00,ITA,07,Liguria,44.41149315,8.9326992,591,62,653,4362,5015,185,274,65285,3515,,,73815,944081,405331,,6,,in Regione Liguria la positività al test antigenico rapido è seguita da conferma con test molecolare.,73815,0,872786,71295,ITC,ITC3
2021-02-15T17:00:00,ITA,07,Liguria,44.41149315,8.9326992,594,61,655,4396,5051,36,194,65436,3522,,,74009,947699,406743,,1,,in Regione Liguria la positività al test antigenico rapido è seguita da conferma con test molecolare.,74009,0,875098,72601,ITC,ITC3
2021-02-16T17:00:00,ITA,07,Liguria,44.41149315,8.9326992,587,59,646,4314,4960,-91,221,65738,3532,,,74230,954434,409345,,4,,,74230,0,879126,75308,ITC,ITC3
2021-02-17T17:00:00,ITA,07,Liguria,44.41149315,8.9326992,569,60,629,4227,4856,-104,309,66140,3543,,,74539,962220,412417,,3,,in Regione Liguria la positività al test antigenico rapido è seguita da conferma con test molecolare.,74539,0,883920,78300,ITC,ITC3
2021-02-18T17:00:00,ITA,07,Liguria,44.41149315,8.9326992,541,59,600,4210,4810,-46,334,66519,3544,,,74873,969946,415469,,4,,In Regione Liguria la positività al test antigenico rapido è seguita da conferma con test molecolare,74873,0,888441,81505,ITC,ITC3
2021-02-19T17:00:00,ITA,07,Liguria,44.41149315,8.9326992,523,58,581,4251,4832,22,274,66756,3559,,,75147,976976,418181,in Regione Liguria la positività al test antigenico rapido è seguita da conferma con test molecolare.,2,,,75147,0,892532,84444,ITC,ITC3
2021-02-20T17:00:00,ITA,07,Liguria,44.41149315,8.9326992,509,53,562,4275,4837,5,361,67102,3569,,,75508,983717,420762,in Regione Liguria la positività al test antigenico rapido è seguita da conferma con test molecolare,2,,,75508,0,896513,87204,ITC,ITC3
2021-02-21T17:00:00,ITA,07,Liguria,44.41149315,8.9326992,516,54,570,4320,4890,53,266,67311,3573,,,75774,988266,422561,,4,,In Regione Liguria la positività al test antigenico rapido è seguita da conferma con test molecolare,75774,0,899281,88985,ITC,ITC3
2021-02-22T17:00:00,ITA,07,Liguria,44.41149315,8.9326992,515,56,571,4427,4998,108,136,67328,3584,,,75910,991704,423907,,3,,,75910,0,901295,90409,ITC,ITC3
2021-02-23T17:00:00,ITA,07,Liguria,44.41149315,8.9326992,498,53,551,4316,4867,-131,381,67827,3597,,,76291,999439,427053,,1,,,76291,0,906363,93076,ITC,ITC3
2021-02-24T17:00:00,ITA,07,Liguria,44.41149315,8.9326992,499,55,554,4353,4907,40,285,68061,3608,,,76576,1007146,429882,,7,,,76576,0,911123,96023,ITC,ITC3
2021-02-25T17:00:00,ITA,07,Liguria,44.41149315,8.9326992,493,52,545,4530,5075,168,452,68338,3615,,,77028,1015161,432933,in Regione Liguria la positività al test antigenico rapido è seguita da conferma con test molecolare.,2,,,77028,0,915980,99181,ITC,ITC3
2021-02-26T17:00:00,ITA,07,Liguria,44.41149315,8.9326992,491,52,543,4640,5183,108,351,68576,3620,,,77379,1021703,435483,In Regione Liguria la positività al test antigenico rapido è seguita da conferma con test molecolare.,3,,,77379,0,919627,102076,ITC,ITC3
2021-02-27T17:00:00,ITA,07,Liguria,44.41149315,8.9326992,491,50,541,4660,5201,18,351,68901,3628,,,77730,1028736,438176,,0,,In Regione Liguria la positività al test antigenico rapido è seguita da conferma con test molecolare.,77730,0,923941,104795,ITC,ITC3
2021-02-28T17:00:00,ITA,07,Liguria,44.41149315,8.9326992,500,52,552,4831,5383,182,248,68965,3630,,,77978,1033573,440188,,5,,In Regione Liguria la positività al test antigenico rapido è seguita da conferma con test molecolare.,77978,0,927023,106550,ITC,ITC3
2021-03-01T17:00:00,ITA,07,Liguria,44.41149315,8.9326992,517,54,571,4914,5485,102,309,69166,3636,,,78287,1038374,442437,in Regione Liguria la positività al test antigenico rapido è seguita da conferma con test molecolare.,5,,,78287,0,930421,107953,ITC,ITC3
2021-03-02T17:00:00,ITA,07,Liguria,44.41149315,8.9326992,520,50,570,4857,5427,-58,337,69553,3644,,,78624,1045969,445111,in Regione Liguria la positività al test antigenico rapido è seguita da conferma con test molecolare.,2,,,78624,0,935550,110419,ITC,ITC3
2021-03-03T17:00:00,ITA,07,Liguria,44.41149315,8.9326992,526,53,579,4919,5498,71,368,69835,3659,,,78992,1053405,447907,in Regione Liguria la positività al test antigenico rapido è seguita da conferma con test molecolare.,3,,,78992,0,940261,113144,ITC,ITC3
2021-03-04T17:00:00,ITA,07,Liguria,44.41149315,8.9326992,535,55,590,5095,5685,187,414,70055,3666,,,79406,1060675,450754,in Regione Liguria la positività al test antigenico rapido è seguita da conferma con test molecolare.,7,,,79406,0,944611,116064,ITC,ITC3
2021-03-05T17:00:00,ITA,07,Liguria,44.41149315,8.9326992,517,56,573,5220,5793,108,338,70277,3674,,,79744,1067494,453310,in Regione Liguria la positività al test antigenico rapido è seguita da conferma con test molecolare.,6,,,79744,0,948754,118740,ITC,ITC3
2021-03-06T17:00:00,ITA,07,Liguria,44.41149315,8.9326992,506,59,565,5295,5860,67,272,70475,3681,,,80016,1073971,455775,in Regione Liguria la positività al test antigenico rapido è seguita da conferma con test molecolare.,6,,,80016,0,952717,121254,ITC,ITC3
2021-03-07T17:00:00,ITA,07,Liguria,44.41149315,8.9326992,507,61,568,5305,5873,13,384,70840,3687,,,80400,1080054,458469,,3,,,80400,0,957177,122877,ITC,ITC3
2021-03-08T17:00:00,ITA,07,Liguria,44.41149315,8.9326992,514,63,577,5372,5949,76,215,70977,3689,,,80615,1083265,459713,,4,,in Regione Liguria la positività al test antigenico rapido è seguita da conferma con test molecolare.,80615,0,959091,124174,ITC,ITC3
2021-03-09T17:00:00,ITA,07,Liguria,44.41149315,8.9326992,521,62,583,5347,5930,-19,248,71235,3698,,,80863,1090485,462299,,4,,in Regione Liguria la positività al test antigenico rapido è seguita da conferma con test molecolare.,80863,0,963711,126774,ITC,ITC3
