data,stato,codice_regione,denominazione_regione,lat,long,ricoverati_con_sintomi,terapia_intensiva,totale_ospedalizzati,isolamento_domiciliare,totale_positivi,variazione_totale_positivi,nuovi_positivi,dimessi_guariti,deceduti,casi_da_sospetto_diagnostico,casi_da_screening,totale_casi,tamponi,casi_testati,note,ingressi_terapia_intensiva,note_test,note_casi
2020-02-24T18:00:00,ITA,16,Puglia,41.12559576,16.86736689,0,0,0,0,0,0,0,0,0,,,0,0,,,,,
2020-02-25T18:00:00,ITA,16,Puglia,41.12559576,16.86736689,0,0,0,0,0,0,0,0,0,,,0,0,,,,,
2020-02-26T18:00:00,ITA,16,Puglia,41.12559576,16.86736689,0,0,0,0,0,0,0,0,0,,,0,0,,,,,
2020-02-27T18:00:00,ITA,16,Puglia,41.12559576,16.86736689,1,0,1,0,1,1,1,0,0,,,1,0,,,,,
2020-02-28T18:00:00,ITA,16,Puglia,41.12559576,16.86736689,1,0,1,2,3,2,2,0,0,,,3,242,,,,,
2020-02-29T17:00:00,ITA,16,Puglia,41.12559576,16.86736689,1,0,1,2,3,0,0,0,0,,,3,252,,,,,
2020-03-01T17:00:00,ITA,16,Puglia,41.12559576,16.86736689,1,0,1,2,3,0,0,0,0,,,3,262,,,,,
2020-03-02T18:00:00,ITA,16,Puglia,41.12559576,16.86736689,2,0,2,2,4,1,1,0,0,,,4,278,,,,,
2020-03-03T18:00:00,ITA,16,Puglia,41.12559576,16.86736689,2,0,2,4,6,2,2,0,0,,,6,298,,,,,
2020-03-04T17:00:00,ITA,16,Puglia,41.12559576,16.86736689,4,0,4,3,7,1,3,1,1,,,9,322,,,,,
2020-03-05T17:00:00,ITA,16,Puglia,41.12559576,16.86736689,5,1,6,6,12,5,5,1,1,,,14,359,,,,,
2020-03-06T17:00:00,ITA,16,Puglia,41.12559576,16.86736689,5,1,6,9,15,3,3,1,1,,,17,395,,,,,
2020-03-07T18:00:00,ITA,16,Puglia,41.12559576,16.86736689,9,2,11,12,23,8,9,1,2,,,26,395,,,,,
2020-03-08T18:00:00,ITA,16,Puglia,41.12559576,16.86736689,17,3,20,16,36,13,14,1,3,,,40,627,,,,,
2020-03-09T18:00:00,ITA,16,Puglia,41.12559576,16.86736689,20,6,26,20,46,10,10,1,3,,,50,685,,,,,
2020-03-10T18:00:00,ITA,16,Puglia,41.12559576,16.86736689,28,6,34,21,55,9,9,1,3,,,59,747,,,,,
2020-03-11T17:00:00,ITA,16,Puglia,41.12559576,16.86736689,38,4,42,29,71,16,18,1,5,,,77,909,,,,,
2020-03-12T17:00:00,ITA,16,Puglia,41.12559576,16.86736689,58,2,60,38,98,27,27,1,5,,,104,1269,,,,,
2020-03-13T17:00:00,ITA,16,Puglia,41.12559576,16.86736689,77,2,79,42,121,23,25,3,5,,,129,1449,,,,,
2020-03-14T17:00:00,ITA,16,Puglia,41.12559576,16.86736689,91,6,97,59,156,35,37,2,8,,,166,1681,,,,,
2020-03-15T17:00:00,ITA,16,Puglia,41.12559576,16.86736689,116,6,122,90,212,56,64,2,16,,,230,2017,,,,,
2020-03-16T17:00:00,ITA,16,Puglia,41.12559576,16.86736689,116,6,122,90,212,0,0,2,16,,,230,2017,,nd-IT-0005,,,
2020-03-17T17:00:00,ITA,16,Puglia,41.12559576,16.86736689,155,14,169,151,320,108,110,2,18,,,340,3077,,,,,
2020-03-18T17:00:00,ITA,16,Puglia,41.12559576,16.86736689,156,30,186,176,362,42,43,2,19,,,383,3433,,,,,
2020-03-19T17:00:00,ITA,16,Puglia,41.12559576,16.86736689,173,31,204,245,449,87,95,4,25,,,478,4046,,,,,
2020-03-20T17:00:00,ITA,16,Puglia,41.12559576,16.86736689,191,31,222,329,551,102,103,4,26,,,581,4789,,,,,
2020-03-21T17:00:00,ITA,16,Puglia,41.12559576,16.86736689,209,33,242,400,642,91,94,4,29,,,675,5617,,,,,
2020-03-22T17:00:00,ITA,16,Puglia,41.12559576,16.86736689,252,37,289,459,748,106,111,7,31,,,786,6160,,,,,
2020-03-23T17:00:00,ITA,16,Puglia,41.12559576,16.86736689,285,45,330,532,862,114,120,7,37,,,906,6761,,,,,
2020-03-24T17:00:00,ITA,16,Puglia,41.12559576,16.86736689,317,57,374,566,940,78,99,21,44,,,1005,7345,,,,,
2020-03-25T17:00:00,ITA,16,Puglia,41.12559576,16.86736689,349,64,413,610,1023,83,88,22,48,,,1093,8223,,,,,
2020-03-26T17:00:00,ITA,16,Puglia,41.12559576,16.86736689,480,76,556,539,1095,72,89,22,65,,,1182,9191,,,,,
2020-03-27T17:00:00,ITA,16,Puglia,41.12559576,16.86736689,530,82,612,624,1236,141,152,29,69,,,1334,10233,,,,,
2020-03-28T17:00:00,ITA,16,Puglia,41.12559576,16.86736689,563,98,661,697,1358,122,124,29,71,,,1458,11500,,,,,
2020-03-29T17:00:00,ITA,16,Puglia,41.12559576,16.86736689,559,99,658,774,1432,74,91,31,86,,,1549,12361,,,,,
2020-03-30T17:00:00,ITA,16,Puglia,41.12559576,16.86736689,590,106,696,889,1585,153,163,36,91,,,1712,13117,,,,,
2020-03-31T17:00:00,ITA,16,Puglia,41.12559576,16.86736689,609,105,714,940,1654,69,91,39,110,,,1803,14073,,,,,
2020-04-01T17:00:00,ITA,16,Puglia,41.12559576,16.86736689,637,107,744,1012,1756,102,143,61,129,,,1946,15209,,,,,
2020-04-02T17:00:00,ITA,16,Puglia,41.12559576,16.86736689,645,118,763,1101,1864,108,131,69,144,,,2077,16554,,,,,
2020-04-03T17:00:00,ITA,16,Puglia,41.12559576,16.86736689,648,123,771,1178,1949,85,105,69,164,,,2182,17924,,,,,
2020-04-04T17:00:00,ITA,16,Puglia,41.12559576,16.86736689,627,153,780,1193,1973,24,58,94,173,,,2240,18977,,,,,
2020-04-05T17:00:00,ITA,16,Puglia,41.12559576,16.86736689,574,159,733,1289,2022,49,77,113,182,,,2317,20080,,,,,
2020-04-06T17:00:00,ITA,16,Puglia,41.12559576,16.86736689,625,97,722,1393,2115,93,127,134,195,,,2444,22059,,,,,
2020-04-07T17:00:00,ITA,16,Puglia,41.12559576,16.86736689,615,93,708,1429,2137,22,70,168,209,,,2514,23149,,,,,
2020-04-08T17:00:00,ITA,16,Puglia,41.12559576,16.86736689,639,90,729,1509,2238,101,120,177,219,,,2634,24493,,,,,
2020-04-09T17:00:00,ITA,16,Puglia,41.12559576,16.86736689,630,86,716,1585,2301,63,82,190,225,,,2716,26088,,,,,
2020-04-10T17:00:00,ITA,16,Puglia,41.12559576,16.86736689,631,80,711,1625,2336,35,93,235,238,,,2809,27812,,,,,
2020-04-11T17:00:00,ITA,16,Puglia,41.12559576,16.86736689,627,73,700,1702,2402,66,95,249,253,,,2904,29463,,,,,
2020-04-12T17:00:00,ITA,16,Puglia,41.12559576,16.86736689,609,71,680,1772,2452,50,85,277,260,,,2989,30973,,,,,
2020-04-13T17:00:00,ITA,16,Puglia,41.12559576,16.86736689,600,71,671,1841,2512,60,76,286,267,,,3065,31922,,,,,
2020-04-14T17:00:00,ITA,16,Puglia,41.12559576,16.86736689,611,62,673,1879,2552,40,53,288,278,,,3118,33071,,,,,
2020-04-15T17:00:00,ITA,16,Puglia,41.12559576,16.86736689,592,73,665,1908,2573,21,66,323,288,,,3184,34518,,,,,
2020-04-16T17:00:00,ITA,16,Puglia,41.12559576,16.86736689,603,58,661,1964,2625,52,74,334,299,,,3258,36158,,,,,
2020-04-17T17:00:00,ITA,16,Puglia,41.12559576,16.86736689,590,62,652,2004,2656,31,69,364,307,,,3327,38278,,,,,
2020-04-18T17:00:00,ITA,16,Puglia,41.12559576,16.86736689,594,60,654,2040,2694,38,82,401,314,,,3409,40423,,,,,
2020-04-19T17:00:00,ITA,16,Puglia,41.12559576,16.86736689,590,60,650,2136,2786,92,120,427,316,,,3529,42598,41580,,,,
2020-04-20T17:00:00,ITA,16,Puglia,41.12559576,16.86736689,584,66,650,2160,2810,24,38,431,326,,,3567,44189,43119,,,,
2020-04-21T17:00:00,ITA,16,Puglia,41.12559576,16.86736689,569,65,634,2178,2812,2,55,459,351,,,3622,45984,44760,,,,
2020-04-22T17:00:00,ITA,16,Puglia,41.12559576,16.86736689,564,60,624,2250,2874,62,108,494,362,,,3730,48342,46925,,,,
2020-04-23T17:00:00,ITA,16,Puglia,41.12559576,16.86736689,536,55,591,2345,2936,62,109,531,372,,,3839,50410,49403,,,,
2020-04-24T17:00:00,ITA,16,Puglia,41.12559576,16.86736689,496,51,547,2386,2933,-3,42,565,383,,,3881,52472,51517,,,,
2020-04-25T17:00:00,ITA,16,Puglia,41.12559576,16.86736689,469,48,517,2402,2919,-14,31,602,391,,,3912,54628,53500,,,,
2020-04-26T17:00:00,ITA,16,Puglia,41.12559576,16.86736689,464,48,512,2425,2937,18,36,612,399,,,3948,55992,55397,,,,
2020-04-27T17:00:00,ITA,16,Puglia,41.12559576,16.86736689,449,51,500,2412,2912,-25,10,641,405,,,3958,56976,55897,,,,
2020-04-28T17:00:00,ITA,16,Puglia,41.12559576,16.86736689,448,51,499,2420,2919,7,22,654,407,,,3980,58496,57574,,,,
2020-04-29T17:00:00,ITA,16,Puglia,41.12559576,16.86736689,449,47,496,2431,2927,8,49,692,410,,,4029,60334,59801,,,,
2020-04-30T17:00:00,ITA,16,Puglia,41.12559576,16.86736689,439,42,481,2468,2949,22,43,708,415,,,4072,62460,61439,,,,
2020-05-01T17:00:00,ITA,16,Puglia,41.12559576,16.86736689,428,39,467,2480,2947,-2,27,731,421,,,4099,64292,62702,,,,
2020-05-02T17:00:00,ITA,16,Puglia,41.12559576,16.86736689,416,39,455,2499,2954,7,34,757,422,,,4133,65370,63782,,,,
2020-05-03T17:00:00,ITA,16,Puglia,41.12559576,16.86736689,410,40,450,2505,2955,1,11,765,424,,,4144,66443,64781,,,,
2020-05-04T17:00:00,ITA,16,Puglia,41.12559576,16.86736689,397,39,436,2509,2945,-10,9,779,429,,,4153,67167,65789,,,,
2020-05-05T17:00:00,ITA,16,Puglia,41.12559576,16.86736689,384,39,423,2516,2939,-6,17,798,433,,,4170,69128,67238,,,,
2020-05-06T17:00:00,ITA,16,Puglia,41.12559576,16.86736689,365,36,401,2502,2903,-36,26,855,438,,,4196,70944,68760,,,,
2020-05-07T17:00:00,ITA,16,Puglia,41.12559576,16.86736689,355,35,390,2410,2800,-103,49,1004,441,,,4245,72796,51638,,,,
2020-05-08T17:00:00,ITA,16,Puglia,41.12559576,16.86736689,349,33,382,2351,2733,-67,11,1080,443,,,4256,74724,53194,,,,
2020-05-09T17:00:00,ITA,16,Puglia,41.12559576,16.86736689,344,33,377,2352,2729,-4,30,1114,443,,,4286,76643,54181,,,,
2020-05-10T17:00:00,ITA,16,Puglia,41.12559576,16.86736689,343,34,377,2292,2669,-60,27,1196,448,,,4313,78399,54781,,,,
2020-05-11T17:00:00,ITA,16,Puglia,41.12559576,16.86736689,340,32,372,2172,2544,-125,14,1332,451,,,4327,79737,55794,,,,
2020-05-12T17:00:00,ITA,16,Puglia,41.12559576,16.86736689,334,31,365,2056,2421,-123,10,1460,456,,,4337,81492,57060,,,,
2020-05-13T17:00:00,ITA,16,Puglia,41.12559576,16.86736689,310,27,337,1985,2322,-99,11,1566,460,,,4348,83713,58383,,,,
2020-05-14T17:00:00,ITA,16,Puglia,41.12559576,16.86736689,296,24,320,1933,2253,-69,9,1643,461,,,4357,85577,59815,,,,
2020-05-15T17:00:00,ITA,16,Puglia,41.12559576,16.86736689,285,23,308,1873,2181,-72,9,1724,461,,,4366,87687,60613,,,,
2020-05-16T17:00:00,ITA,16,Puglia,41.12559576,16.86736689,272,22,294,1810,2104,-77,8,1807,463,,,4374,89611,61942,,,,
2020-05-17T17:00:00,ITA,16,Puglia,41.12559576,16.86736689,263,21,284,1733,2017,-87,5,1892,470,,,4379,91035,62886,,,,
2020-05-18T17:00:00,ITA,16,Puglia,41.12559576,16.86736689,254,22,276,1719,1995,-22,7,1920,471,,,4386,91901,63403,,,,
2020-05-19T17:00:00,ITA,16,Puglia,41.12559576,16.86736689,247,22,269,1672,1941,-54,10,1982,473,,,4396,93834,64779,,,,
2020-05-20T17:00:00,ITA,16,Puglia,41.12559576,16.86736689,242,21,263,1639,1902,-39,11,2027,478,,,4407,95895,66164,,,,
2020-05-21T17:00:00,ITA,16,Puglia,41.12559576,16.86736689,236,20,256,1583,1839,-63,6,2096,478,,,4413,97589,67562,,,,
2020-05-22T17:00:00,ITA,16,Puglia,41.12559576,16.86736689,233,17,250,1588,1838,-1,27,2120,482,,,4440,99702,67562,,,,
2020-05-23T17:00:00,ITA,16,Puglia,41.12559576,16.86736689,215,17,232,1573,1805,-33,8,2157,486,,,4448,101738,68485,,,,
2020-05-24T17:00:00,ITA,16,Puglia,41.12559576,16.86736689,204,17,221,1572,1793,-12,10,2178,487,,,4458,103570,71032,,,,
2020-05-25T17:00:00,ITA,16,Puglia,41.12559576,16.86736689,190,15,205,1473,1678,-115,9,2298,491,,,4467,104670,72042,,,,
2020-05-26T17:00:00,ITA,16,Puglia,41.12559576,16.86736689,172,17,189,1350,1539,-139,2,2436,494,,,4469,106873,73226,,,,
2020-05-27T17:00:00,ITA,16,Puglia,41.12559576,16.86736689,170,17,187,1326,1513,-26,10,2471,495,,,4479,109499,74686,,,,
2020-05-28T17:00:00,ITA,16,Puglia,41.12559576,16.86736689,164,16,180,1215,1395,-118,2,2590,496,,,4481,111946,75959,,,,
2020-05-29T17:00:00,ITA,16,Puglia,41.12559576,16.86736689,158,12,170,1113,1283,-112,1,2699,500,,,4482,114588,77211,,,,
2020-05-30T17:00:00,ITA,16,Puglia,41.12559576,16.86736689,150,12,162,1060,1222,-61,8,2768,500,,,4490,116765,78458,,,,
2020-05-31T17:00:00,ITA,16,Puglia,41.12559576,16.86736689,143,11,154,1023,1177,-45,4,2813,504,,,4494,118652,79314,,,,
2020-06-01T17:00:00,ITA,16,Puglia,41.12559576,16.86736689,140,11,151,1004,1155,-22,4,2837,506,,,4498,119650,80390,,,,
2020-06-02T17:00:00,ITA,16,Puglia,41.12559576,16.86736689,134,11,145,906,1051,-104,0,2939,508,,,4498,121460,81372,,,,
2020-06-03T17:00:00,ITA,16,Puglia,41.12559576,16.86736689,131,10,141,895,1036,-15,1,2952,511,,,4499,122506,82041,,,,
2020-06-04T17:00:00,ITA,16,Puglia,41.12559576,16.86736689,131,9,140,827,967,-69,4,3022,514,,,4503,125049,83870,,,,
2020-06-05T17:00:00,ITA,16,Puglia,41.12559576,16.86736689,111,5,116,730,846,-121,4,3140,521,,,4507,127520,85007,,,,
2020-06-06T17:00:00,ITA,16,Puglia,41.12559576,16.86736689,109,4,113,645,758,-88,4,3231,522,,,4511,129898,86405,,,,
2020-06-07T17:00:00,ITA,16,Puglia,41.12559576,16.86736689,96,4,100,633,733,-25,0,3253,525,,,4511,131931,86405,,,,
2020-06-08T17:00:00,ITA,16,Puglia,41.12559576,16.86736689,94,4,98,600,698,-35,1,3289,525,,,4512,133164,88228,,,,
2020-06-09T17:00:00,ITA,16,Puglia,41.12559576,16.86736689,76,5,81,532,613,-85,0,3373,526,,,4512,135625,90248,,,,
2020-06-10T17:00:00,ITA,16,Puglia,41.12559576,16.86736689,71,4,75,482,557,-56,0,3426,529,,,4512,138377,91918,,,,
2020-06-11T17:00:00,ITA,16,Puglia,41.12559576,16.86736689,65,3,68,399,467,-90,1,3516,530,,,4513,141322,93130,,,,
2020-06-12T17:00:00,ITA,16,Puglia,41.12559576,16.86736689,61,2,63,376,439,-28,2,3544,532,,,4515,143844,94456,,,,
2020-06-13T17:00:00,ITA,16,Puglia,41.12559576,16.86736689,60,2,62,360,422,-17,0,3561,532,,,4515,145905,96053,,,,
2020-06-14T17:00:00,ITA,16,Puglia,41.12559576,16.86736689,57,2,59,359,418,-4,0,3565,532,,,4515,147249,96820,,,,
2020-06-15T17:00:00,ITA,16,Puglia,41.12559576,16.86736689,56,2,58,352,410,-8,1,3572,534,,,4516,148627,97877,,,,
2020-06-16T17:00:00,ITA,16,Puglia,41.12559576,16.86736689,48,2,50,303,353,-57,0,3628,535,,,4516,151482,99985,,,,
2020-06-17T17:00:00,ITA,16,Puglia,41.12559576,16.86736689,46,2,48,276,324,-29,0,3656,536,,,4516,154143,101350,,,,
2020-06-18T17:00:00,ITA,16,Puglia,41.12559576,16.86736689,34,1,35,271,306,-18,3,3675,538,,,4519,156582,103148,,,,
2020-06-19T17:00:00,ITA,16,Puglia,41.12559576,16.86736689,31,1,32,223,255,-51,1,3727,538,,,4520,158828,104225,,,,
2020-06-20T17:00:00,ITA,16,Puglia,41.12559576,16.86736689,32,1,33,187,220,-35,5,3765,540,,,4525,160662,105780,,,,
2020-06-21T17:00:00,ITA,16,Puglia,41.12559576,16.86736689,32,1,33,189,222,2,2,3765,540,,,4527,161902,106637,,,,
2020-06-22T17:00:00,ITA,16,Puglia,41.12559576,16.86736689,33,0,33,185,218,-4,0,3769,540,,,4527,162940,107702,,,,
2020-06-23T17:00:00,ITA,16,Puglia,41.12559576,16.86736689,32,0,32,158,190,-28,2,3797,542,,,4529,165598,109358,,,,
2020-06-24T17:00:00,ITA,16,Puglia,41.12559576,16.86736689,29,0,29,148,177,-13,0,3809,543,,,4529,168388,111420,,,,
2020-06-25T17:00:00,ITA,16,Puglia,41.12559576,16.86736689,27,0,27,146,173,-4,1,3814,543,2443,2087,4530,170284,112532,,,,
2020-06-26T17:00:00,ITA,16,Puglia,41.12559576,16.86736689,27,0,27,126,153,-20,1,3835,543,2308,2223,4531,171968,113789,Per 1657 casi non è disponibile la provenienza,,,
2020-06-27T17:00:00,ITA,16,Puglia,41.12559576,16.86736689,27,0,27,120,147,-6,0,3841,543,2258,2273,4531,173422,115265,Per 1602 casi non è disponibile la provenienza,,,
2020-06-28T17:00:00,ITA,16,Puglia,41.12559576,16.86736689,27,0,27,119,146,-1,0,3842,543,2258,2273,4531,174968,116126,Per 1602 casi non è disponibile la provenienza,,,
2020-06-29T17:00:00,ITA,16,Puglia,41.12559576,16.86736689,28,0,28,117,145,-1,0,3843,543,2241,2290,4531,175811,117104,Per 1583 casi non è disponibile la provenienza,,,
2020-06-30T17:00:00,ITA,16,Puglia,41.12559576,16.86736689,25,0,25,104,129,-16,0,3857,545,2173,2358,4531,178251,118741,Per 1507 casi non è disponibile la provenienza,,,
2020-07-01T17:00:00,ITA,16,Puglia,41.12559576,16.86736689,24,0,24,88,112,-17,0,3873,545,2159,2371,4530,180664,120651,Per 1491 casi non è disponibile la provenienza,,,
2020-07-02T17:00:00,ITA,16,Puglia,41.12559576,16.86736689,24,0,24,85,109,-3,0,3876,545,2154,2376,4530,182713,122302,Per 1487 casi non è disponibile la provenienza,,,
2020-07-03T17:00:00,ITA,16,Puglia,41.12559576,16.86736689,21,0,21,88,109,0,3,3879,545,2152,2381,4533,184749,123414,Per 1482 casi non è disponibile la provenienza,,,
2020-07-04T17:00:00,ITA,16,Puglia,41.12559576,16.86736689,21,0,21,90,111,2,3,3880,545,2143,2393,4536,186569,125029,Per 1469 casi non è disponibile la provenienza,,,
2020-07-05T17:00:00,ITA,16,Puglia,41.12559576,16.86736689,20,0,20,90,110,-1,0,3881,545,2142,2394,4536,188242,125961,per 1468 casi non è disponibile la provenienza,,,
2020-07-06T17:00:00,ITA,16,Puglia,41.12559576,16.86736689,18,0,18,75,93,-17,0,3898,545,2123,2413,4536,188969,127514,per 1447 casi non e' disponibile la provenienza,,,
2020-07-07T17:00:00,ITA,16,Puglia,41.12559576,16.86736689,12,0,12,67,79,-14,0,3910,546,2108,2427,4535,191319,128899,per 1416 casi non e' disponibile la provenienza,,,
2020-07-08T17:00:00,ITA,16,Puglia,41.12559576,16.86736689,14,0,14,64,78,-1,1,3912,546,2082,2454,4536,193757,130637,per 1374 casi non e' disponibile la provenienza,,,
2020-07-09T17:00:00,ITA,16,Puglia,41.12559576,16.86736689,14,0,14,60,74,-4,0,3916,546,2082,2454,4536,196070,132160,per 1374 casi non e' disponibile la provenienza,,,
2020-07-10T17:00:00,ITA,16,Puglia,41.12559576,16.86736689,13,0,13,59,72,-2,4,3922,546,2084,2456,4540,198088,134139,per 1374 casi non e' disponibile la provenienza,,,
2020-07-11T17:00:00,ITA,16,Puglia,41.12559576,16.86736689,12,0,12,59,71,-1,1,3924,546,2076,2465,4541,199805,135169,per 1357 casi non e' disponibile la provenienza,,,
2020-07-12T17:00:00,ITA,16,Puglia,41.12559576,16.86736689,12,0,12,59,71,0,0,3924,546,2076,2465,4541,201419,136109,per 1357 casi non e' disponibile la provenienza,,,
2020-07-13T17:00:00,ITA,16,Puglia,41.12559576,16.86736689,10,0,10,58,68,-3,0,3926,547,2056,2485,4541,202256,137079,per 1326 casi non e' disponibile la provenienza,,,
2020-07-14T17:00:00,ITA,16,Puglia,41.12559576,16.86736689,10,0,10,58,68,0,0,3926,547,2052,2489,4541,204917,138661,per 1316 casi non e' disponibile la provenienza,,,
2020-07-15T17:00:00,ITA,16,Puglia,41.12559576,16.86736689,10,0,10,58,68,0,0,3926,547,2051,2490,4541,207413,140603,per 1315 casi non e' disponibile la provenienza,,,
2020-07-16T17:00:00,ITA,16,Puglia,41.12559576,16.86736689,11,0,11,57,68,0,1,3926,548,2051,2491,4542,210124,142396,per 1315 casi non e' disponibile la provenienza,,,
2020-07-17T17:00:00,ITA,16,Puglia,41.12559576,16.86736689,12,0,12,58,70,2,5,3929,548,2053,2494,4547,211843,144093,per 1315 casi non e' disponibile la provenienza,,,
2020-07-18T17:00:00,ITA,16,Puglia,41.12559576,16.86736689,14,0,14,58,72,2,3,3930,548,2054,2496,4550,213873,145802,per 1315 casi non e' disponibile la provenienza,,,
2020-07-19T17:00:00,ITA,16,Puglia,41.12559576,16.86736689,14,0,14,65,79,7,7,3930,548,2056,2501,4557,215649,146774,per 1317 casi non e' disponibile la provenienza,,,
2020-07-20T17:00:00,ITA,16,Puglia,41.12559576,16.86736689,14,0,14,65,79,0,0,3930,548,2054,2503,4557,216402,147702,,,,
2020-07-21T17:00:00,ITA,16,Puglia,41.12559576,16.86736689,11,0,11,49,60,-19,0,3948,548,2049,2507,4556,218910,149713,,,,
2020-07-22T17:00:00,ITA,16,Puglia,41.12559576,16.86736689,11,0,11,45,56,-4,0,3952,548,2032,2524,4556,221331,151624,,,,
2020-07-23T17:00:00,ITA,16,Puglia,41.12559576,16.86736689,11,0,11,53,64,8,9,3953,548,2014,2551,4565,223789,153199,,,,
2020-07-24T17:00:00,ITA,16,Puglia,41.12559576,16.86736689,11,0,11,56,67,3,13,3962,549,1991,2587,4578,225690,155202,,,,
2020-07-25T17:00:00,ITA,16,Puglia,41.12559576,16.86736689,16,0,16,60,76,9,8,3961,549,1984,2602,4586,227533,156395,,,,
2020-07-26T17:00:00,ITA,16,Puglia,41.12559576,16.86736689,15,0,15,63,78,2,3,3961,550,1984,2605,4589,229423,157669,,,,
2020-07-27T17:00:00,ITA,16,Puglia,41.12559576,16.86736689,15,0,15,64,79,1,3,3962,551,1985,2607,4592,230475,158704,,,,
2020-07-28T17:00:00,ITA,16,Puglia,41.12559576,16.86736689,15,0,15,67,82,3,4,3963,551,1985,2611,4596,233247,160386,Per 1191 casi non è disponibile la provenienza,,,
2020-07-29T17:00:00,ITA,16,Puglia,41.12559576,16.86736689,17,0,17,75,92,10,10,3963,551,1988,2618,4606,235701,162238,Per 1192 casi non è disponibile la provenienza,,,
2020-07-30T17:00:00,ITA,16,Puglia,41.12559576,16.86736689,17,0,17,77,94,2,3,3964,551,1990,2619,4609,238142,163824,Per 1193 casi non è disponibile la provenienza,,,
2020-07-31T17:00:00,ITA,16,Puglia,41.12559576,16.86736689,18,0,18,77,95,1,2,3964,552,1991,2620,4611,240004,165237,Per 1193 casi non è disponibile la provenienza,,,
2020-08-01T17:00:00,ITA,16,Puglia,41.12559576,16.86736689,19,0,19,93,112,17,20,3967,552,1992,2639,4631,241836,166712,Per 1193 casi non è disponibile la provenienza,,,
2020-08-02T17:00:00,ITA,16,Puglia,41.12559576,16.86736689,20,0,20,100,120,8,8,3967,552,1994,2645,4639,243309,167514,Per 1193 casi non è disponibile la provenienza,,,
2020-08-03T17:00:00,ITA,16,Puglia,41.12559576,16.86736689,23,0,23,102,125,5,9,3970,553,1994,2654,4648,244174,168787,per 1193 casi non e' disponibile la provenienza,,,
2020-08-04T17:00:00,ITA,16,Puglia,41.12559576,16.86736689,22,0,22,109,131,6,7,3971,553,1995,2660,4655,246581,170642,per 1192 casi non e' disponibile la provenienza,,,
2020-08-05T17:00:00,ITA,16,Puglia,41.12559576,16.86736689,24,0,24,128,152,21,23,3973,553,1919,2759,4678,249211,171932,per 1084 casi non e' disponibile la provenienza,,,
2020-08-06T17:00:00,ITA,16,Puglia,41.12559576,16.86736689,24,0,24,134,158,6,7,3974,553,1892,2793,4685,251470,173426,per 1024 casi non e' disponibile la provenienza,,,
2020-08-07T17:00:00,ITA,16,Puglia,41.12559576,16.86736689,26,0,26,144,170,12,11,3973,553,1844,2852,4696,253378,174742,per 950 casi non e' disponibile la provenienza,,,
2020-08-08T17:00:00,ITA,16,Puglia,41.12559576,16.86736689,27,0,27,151,178,8,9,3973,554,1805,2900,4705,254939,176113,per 880 casi non e' disponibile la provenienza,,,
2020-08-09T17:00:00,ITA,16,Puglia,41.12559576,16.86736689,31,0,31,156,187,9,9,3973,554,1806,2908,4714,256307,176992,per 880 casi non e' disponibile la provenienza,,,
2020-08-10T17:00:00,ITA,16,Puglia,41.12559576,16.86736689,36,1,37,176,213,26,26,3973,554,1818,2922,4740,256997,177798,per 880 casi non e' disponibile la provenienza,,,
2020-08-11T17:00:00,ITA,16,Puglia,41.12559576,16.86736689,38,1,39,190,229,16,20,3977,554,1823,2937,4760,258978,179205,per 880 casi non e' disponibile la provenienza,,,
2020-08-12T17:00:00,ITA,16,Puglia,41.12559576,16.86736689,43,2,45,217,262,33,33,3977,554,1836,2957,4793,261101,180855,per 885 casi non e' disponibile la provenienza,,,
2020-08-13T17:00:00,ITA,16,Puglia,41.12559576,16.86736689,46,2,48,228,276,14,16,3979,554,1838,2971,4809,262847,182067,per 886 casi non e' disponibile la provenienza,,,
2020-08-14T17:00:00,ITA,16,Puglia,41.12559576,16.86736689,45,1,46,240,286,10,12,3981,554,1835,2986,4821,264548,183493,per 882 casi non e' disponibile la provenienza,,,
2020-08-15T17:00:00,ITA,16,Puglia,41.12559576,16.86736689,46,1,47,261,308,22,22,3981,554,1844,2999,4843,266293,184587,per 882 casi non e' disponibile la provenienza,,,
2020-08-16T17:00:00,ITA,16,Puglia,41.12559576,16.86736689,47,1,48,275,323,15,15,3981,554,1847,3011,4858,267374,185276,per 882 casi non e' disponibile la provenienza,,,
2020-08-17T17:00:00,ITA,16,Puglia,41.12559576,16.86736689,49,2,51,274,325,2,4,3982,555,1850,3012,4862,268294,186287,per 882 casi non e' disponibile la provenienza,,,
2020-08-18T17:00:00,ITA,16,Puglia,41.12559576,16.86736689,53,3,56,284,340,15,20,3987,555,1853,3029,4882,270938,188150,per 878 casi non e' disponibile la provenienza,,,
2020-08-19T17:00:00,ITA,16,Puglia,41.12559576,16.86736689,52,3,55,315,370,30,33,3990,555,1869,3046,4915,273632,190197,per 879 casi non e' disponibile la provenienza,,,
2020-08-20T17:00:00,ITA,16,Puglia,41.12559576,16.86736689,58,3,61,328,389,19,20,3991,555,1876,3059,4935,276314,192370,per 879 casi non e' disponibile la provenienza,,,
2020-08-21T17:00:00,ITA,16,Puglia,41.12559576,16.86736689,61,4,65,354,419,30,35,3996,555,1884,3086,4970,279245,194436,per 879 casi non e' disponibile la provenienza,,,
2020-08-22T17:00:00,ITA,16,Puglia,41.12559576,16.86736689,62,4,66,370,436,17,22,4001,555,1887,3105,4992,281824,196707,per 880 casi non e' disponibile la provenienza,,,
2020-08-23T17:00:00,ITA,16,Puglia,41.12559576,16.86736689,68,4,72,395,467,31,33,4003,555,1902,3123,5025,283415,198019,,,,
2020-08-24T17:00:00,ITA,16,Puglia,41.12559576,16.86736689,81,4,85,420,505,38,45,4010,555,1913,3157,5070,284483,199575,,,,
2020-08-25T17:00:00,ITA,16,Puglia,41.12559576,16.86736689,88,4,92,456,548,43,49,4016,555,1921,3198,5119,287755,202052,,,,
2020-08-26T17:00:00,ITA,16,Puglia,41.12559576,16.86736689,94,4,98,499,597,49,51,4018,555,1940,3230,5170,291265,204620,,,,
2020-08-27T17:00:00,ITA,16,Puglia,41.12559576,16.86736689,97,3,100,537,637,40,47,4024,556,1957,3260,5217,294426,207094,,,,
2020-08-28T17:00:00,ITA,16,Puglia,41.12559576,16.86736689,104,5,109,575,684,47,51,4028,556,1964,3304,5268,297585,209467,Per 873 casi non è disponibile la provenienza,,,
2020-08-29T17:00:00,ITA,16,Puglia,41.12559576,16.86736689,112,5,117,631,748,64,65,4029,556,1981,3352,5333,300338,212037,,,,
2020-08-30T17:00:00,ITA,16,Puglia,41.12559576,16.86736689,117,5,122,695,817,69,69,4029,556,2004,3398,5402,303046,213959,,,,
2020-08-31T17:00:00,ITA,16,Puglia,41.12559576,16.86736689,116,7,123,721,844,27,38,4040,556,2008,3432,5440,305020,216105,per 878 casi non e' disponibile la provenienza,,,
2020-09-01T17:00:00,ITA,16,Puglia,41.12559576,16.86736689,123,7,130,730,860,16,39,4062,557,2015,3464,5479,308671,218643,per 879 casi non e' disponibile la provenienza,,,
2020-09-02T17:00:00,ITA,16,Puglia,41.12559576,16.86736689,140,6,146,776,922,62,67,4067,557,2017,3529,5546,312954,221391,per 878 casi non e' disponibile la provenienza,,,
2020-09-03T17:00:00,ITA,16,Puglia,41.12559576,16.86736689,148,6,154,832,986,64,78,4078,560,2029,3595,5624,316840,224094,per 881 casi non e' disponibile la provenienza,,,
2020-09-04T17:00:00,ITA,16,Puglia,41.12559576,16.86736689,150,7,157,929,1086,100,117,4095,560,2050,3691,5741,320159,226927,per 878 casi non e' disponibile la provenienza,,,
2020-09-05T17:00:00,ITA,16,Puglia,41.12559576,16.86736689,148,7,155,967,1122,36,55,4112,562,2062,3734,5796,323322,230046,Per 879 casi non è disponibile la provenienza,,,
2020-09-06T17:00:00,ITA,16,Puglia,41.12559576,16.86736689,155,7,162,1005,1167,45,60,4126,563,2070,3786,5856,326680,231577,per 879 casi non e' disponibile la provenienza,,,
2020-09-07T17:00:00,ITA,16,Puglia,41.12559576,16.86736689,167,6,173,1024,1197,30,43,4137,565,2083,3816,5899,328329,233159,Per 883 casi non è disponibile la provenienza,,,
2020-09-08T17:00:00,ITA,16,Puglia,41.12559576,16.86736689,163,7,170,1151,1321,124,143,4154,567,2097,3945,6042,331919,236175,Per 883 casi non è disponibile la provenienza,,,
2020-09-09T17:00:00,ITA,16,Puglia,41.12559576,16.86736689,172,6,178,1236,1414,93,97,4158,567,2116,4023,6139,335530,239744,Per 887 casi non è disponibile la provenienza,,,
2020-09-10T17:00:00,ITA,16,Puglia,41.12559576,16.86736689,179,8,187,1283,1470,56,70,4169,570,2126,4083,6209,339446,242098,Per 885 casi non è disponibile la provenienza,,,
2020-09-11T17:00:00,ITA,16,Puglia,41.12559576,16.86736689,188,8,196,1350,1546,76,82,4175,570,2139,4152,6291,343000,244885,Per 886 casi non è disponibile la provenienza,,,
2020-09-12T17:00:00,ITA,16,Puglia,41.12559576,16.86736689,189,8,197,1402,1599,53,76,4198,570,2134,4233,6367,346764,248777,Per 873 casi non è disponibile la provenienza,,,
2020-09-13T17:00:00,ITA,16,Puglia,41.12559576,16.86736689,195,9,204,1474,1678,79,82,4201,570,2148,4301,6449,349719,250467,Per 872 casi non è disponibile la provenienza,,,
2020-09-14T17:00:00,ITA,16,Puglia,41.12559576,16.86736689,203,11,214,1499,1713,35,61,4225,572,2151,4359,6510,351539,252699,,,,
2020-09-15T17:00:00,ITA,16,Puglia,41.12559576,16.86736689,204,13,217,1559,1776,63,76,4237,573,2160,4426,6586,356216,255154,,,,
2020-09-16T17:00:00,ITA,16,Puglia,41.12559576,16.86736689,204,14,218,1645,1863,87,103,4252,574,2179,4510,6689,360787,257428,,,,
2020-09-17T17:00:00,ITA,16,Puglia,41.12559576,16.86736689,200,14,214,1701,1915,52,63,4262,575,2191,4561,6752,364798,260264,,,,
2020-09-18T17:00:00,ITA,16,Puglia,41.12559576,16.86736689,200,12,212,1774,1986,71,84,4273,577,2207,4629,6836,368571,263073,,,,
2020-09-19T17:00:00,ITA,16,Puglia,41.12559576,16.86736689,201,13,214,1874,2088,102,108,4278,578,2227,4717,6944,372288,265618,,,,
2020-09-20T17:00:00,ITA,16,Puglia,41.12559576,16.86736689,199,11,210,1918,2128,40,50,4287,579,2234,4760,6994,375065,267208,,,,
2020-09-21T17:00:00,ITA,16,Puglia,41.12559576,16.86736689,201,11,212,1977,2189,61,81,4306,580,2238,4837,7075,376960,268745,Per 870 casi non è disponibile la provenienza,,,
2020-09-22T17:00:00,ITA,16,Puglia,41.12559576,16.86736689,204,10,214,1976,2190,1,67,4371,581,2253,4889,7142,381476,271426,Per 869 casi non è disponibile la provenienza,,,
2020-09-23T17:00:00,ITA,16,Puglia,41.12559576,16.86736689,204,10,214,2008,2222,32,89,4426,583,2271,4960,7231,385490,274285,Per 870 casi non è disponibile la provenienza,,,
2020-09-24T17:00:00,ITA,16,Puglia,41.12559576,16.86736689,207,10,217,2046,2263,41,73,4455,586,2287,5017,7304,389613,276895,Per 869 casi non è disponibile la provenienza,,,
2020-09-25T17:00:00,ITA,16,Puglia,41.12559576,16.86736689,208,10,218,2091,2309,46,90,4498,587,2304,5090,7394,392912,279402,Per 873 casi non è disponibile la provenienza,,,
2020-09-26T17:00:00,ITA,16,Puglia,41.12559576,16.86736689,203,11,214,2123,2337,28,51,4518,590,2316,5129,7445,396426,282195,Per 869 casi non è disponibile la provenienza,,,
2020-09-27T17:00:00,ITA,16,Puglia,41.12559576,16.86736689,210,12,222,2182,2404,67,76,4527,590,2331,5190,7521,399109,283877,Per 869 casi non è disponibile la provenienza,,,
2020-09-28T17:00:00,ITA,16,Puglia,41.12559576,16.86736689,214,15,229,2190,2419,15,90,4600,592,2337,5274,7611,400565,285597,per 868 casi non e' disponibile la provenienza,,,
2020-09-29T17:00:00,ITA,16,Puglia,41.12559576,16.86736689,210,14,224,2209,2433,14,76,4662,592,2344,5343,7687,404787,288503,per 868 casi non e' disponibile la provenienza,,,
2020-09-30T17:00:00,ITA,16,Puglia,41.12559576,16.86736689,218,11,229,2287,2516,83,99,4675,595,2360,5426,7786,409364,291519,per 868 casi non e' disponibile la provenienza,,,
2020-10-01T17:00:00,ITA,16,Puglia,41.12559576,16.86736689,217,14,231,2376,2607,91,114,4697,596,2384,5516,7900,413516,294298,per 877 casi non e' disponibile la provenienza,,,
2020-10-02T17:00:00,ITA,16,Puglia,41.12559576,16.86736689,223,13,236,2427,2663,56,72,4712,597,2392,5580,7972,417465,296760,per 871 casi non e' disponibile la provenienza,,,
2020-10-03T17:00:00,ITA,16,Puglia,41.12559576,16.86736689,226,12,238,2523,2761,98,111,4724,598,2412,5671,8083,421383,299404,per 871 casi non e' disponibile la provenienza,,,
2020-10-04T17:00:00,ITA,16,Puglia,41.12559576,16.86736689,231,13,244,2653,2897,136,151,4739,598,2440,5794,8234,424869,301067,per 874 casi non e' disponibile la provenienza,,,
2020-10-05T17:00:00,ITA,16,Puglia,41.12559576,16.86736689,239,14,253,2703,2956,59,83,4762,599,2449,5868,8317,426286,302788,per 865 casi non e' disponibile la provenienza,,,
2020-10-06T17:00:00,ITA,16,Puglia,41.12559576,16.86736689,244,21,265,2726,2991,35,106,4829,603,2470,5953,8423,430702,306067,per 868 casi non e' disponibile la provenienza,,,
2020-10-07T17:00:00,ITA,16,Puglia,41.12559576,16.86736689,251,23,274,2859,3133,142,196,4883,603,2502,6117,8619,435524,309260,per 868 casi non e' disponibile la provenienza,,,
2020-10-08T17:00:00,ITA,16,Puglia,41.12559576,16.86736689,278,23,301,3033,3334,201,248,4929,604,2555,6312,8867,440278,312343,per 881 casi non e' disponibile la provenienza,,,
2020-10-09T17:00:00,ITA,16,Puglia,41.12559576,16.86736689,300,23,323,3227,3550,216,249,4960,606,2603,6513,9116,444874,315837,per 875 casi non e' disponibile la provenienza,,,
2020-10-10T17:00:00,ITA,16,Puglia,41.12559576,16.86736689,300,22,322,3389,3711,161,184,4982,607,2655,6645,9300,450063,319289,per 885 casi non e' disponibile la provenienza,,,
2020-10-11T17:00:00,ITA,16,Puglia,41.12559576,16.86736689,301,21,322,3485,3807,96,212,5097,608,2715,6797,9512,453950,321156,per 902 casi non e' disponibile la provenienza,,,
2020-10-12T17:00:00,ITA,16,Puglia,41.12559576,16.86736689,307,19,326,3587,3913,106,157,5142,614,2762,6907,9669,456383,323084,per 896 casi non e' disponibile la provenienza,,,
2020-10-13T17:00:00,ITA,16,Puglia,41.12559576,16.86736689,310,23,333,3665,3998,85,180,5235,616,2800,7049,9849,461971,327324,Per 872 casi non è disponibile la provenienza,,,
2020-10-14T17:00:00,ITA,16,Puglia,41.12559576,16.86736689,311,23,334,3895,4229,231,315,5317,618,2877,7287,10164,467815,330789,Per 890 casi non è disponibile la provenienza,,,
2020-10-15T17:00:00,ITA,16,Puglia,41.12559576,16.86736689,319,26,345,4064,4409,180,257,5387,625,2947,7474,10421,473161,334382,Per 895 casi non è disponibile la provenienza,,,
2020-10-16T17:00:00,ITA,16,Puglia,41.12559576,16.86736689,326,26,352,4321,4673,264,313,5431,630,3007,7727,10734,478743,338385,Per 871 casi non è disponibile la provenienza,,,
2020-10-17T17:00:00,ITA,16,Puglia,41.12559576,16.86736689,368,33,401,4579,4980,307,350,5472,632,3035,8049,11084,484125,342024,per 747 casi non e' disponibile la provenienza,,,
2020-10-18T17:00:00,ITA,16,Puglia,41.12559576,16.86736689,377,36,413,4820,5233,253,301,5517,635,3113,8272,11385,488758,344122,Per 704 casi non è disponibile la provenienza,,,
2020-10-19T17:00:00,ITA,16,Puglia,41.12559576,16.86736689,397,38,435,5028,5463,230,321,5604,639,3144,8562,11706,491204,346220,,,,
2020-10-20T17:00:00,ITA,16,Puglia,41.12559576,16.86736689,432,39,471,5259,5730,267,295,5629,642,3240,8761,12001,497031,350691,,,,
2020-10-21T17:00:00,ITA,16,Puglia,41.12559576,16.86736689,438,42,480,5511,5991,261,324,5690,644,3322,9003,12325,502331,355311,,,,
2020-10-22T17:00:00,ITA,16,Puglia,41.12559576,16.86736689,448,50,498,5781,6279,288,485,5886,645,3442,9368,12810,507982,359262,,,,
2020-10-23T17:00:00,ITA,16,Puglia,41.12559576,16.86736689,479,52,531,6297,6828,549,590,5926,646,3724,9676,13400,513235,364270,,,,
2020-10-24T17:00:00,ITA,16,Puglia,41.12559576,16.86736689,522,53,575,6823,7398,570,631,5977,656,3933,10098,14031,518574,367410,,,,
2020-10-25T17:00:00,ITA,16,Puglia,41.12559576,16.86736689,548,57,605,7267,7872,474,515,6011,663,4146,10400,14546,522951,370561,,,,
2020-10-26T17:00:00,ITA,16,Puglia,41.12559576,16.86736689,589,59,648,7631,8279,407,424,6018,673,4289,10681,14970,526008,372347,per 1001 casi non e' disponibile la provenienza,,,
2020-10-27T17:00:00,ITA,16,Puglia,41.12559576,16.86736689,635,62,697,8011,8708,429,611,6187,686,4463,11118,15581,531155,377074,per 976 casi non e' disponibile la provenienza,,,
2020-10-28T17:00:00,ITA,16,Puglia,41.12559576,16.86736689,690,70,760,8677,9437,729,772,6217,699,4657,11696,16353,537592,383008,per 932 casi non e' disponibile la provenienza,,,
2020-10-29T17:00:00,ITA,16,Puglia,41.12559576,16.86736689,669,78,747,9255,10002,565,716,6361,706,4849,12220,17069,544675,386874,per 959 casi non e' disponibile la provenienza,,,
2020-10-30T17:00:00,ITA,16,Puglia,41.12559576,16.86736689,634,84,718,9981,10699,697,791,6448,713,5108,12752,17860,550266,391765,per 1001 casi non e' disponibile la provenienza,,,
2020-10-31T17:00:00,ITA,16,Puglia,41.12559576,16.86736689,638,87,725,10668,11393,694,762,6506,723,5068,13554,18622,556545,396687,Per 723 casi non è disponibile la provenienza,,,
2020-11-01T17:00:00,ITA,16,Puglia,41.12559576,16.86736689,677,87,764,11268,12032,639,680,6539,731,5278,14024,19302,563078,400285,per 726 casi non e' disponibile la provenienza,,,
2020-11-02T17:00:00,ITA,16,Puglia,41.12559576,16.86736689,705,88,793,11776,12569,537,626,6619,740,5486,14442,19928,567138,402022,,,,
2020-11-03T17:00:00,ITA,16,Puglia,41.12559576,16.86736689,749,95,844,12681,13525,956,1163,6813,753,5882,15209,21091,573093,408246,per 773 casi non e' disponibile la provenienza,,,
2020-11-04T17:00:00,ITA,16,Puglia,41.12559576,16.86736689,745,116,861,13372,14233,708,994,7089,763,6193,15892,22085,579289,412674,per 801 casi non e' disponibile la provenienza,,,
2020-11-05T17:00:00,ITA,16,Puglia,41.12559576,16.86736689,745,122,867,13956,14823,590,850,7323,789,6492,16443,22935,586832,419182,per 889 casi non e' disponibile la provenienza,,,
2020-11-06T17:00:00,ITA,16,Puglia,41.12559576,16.86736689,787,122,909,14720,15629,806,946,7450,802,6712,17169,23881,594560,423213,per 816 casi non e' disponibile la provenienza,,,
2020-11-07T17:00:00,ITA,16,Puglia,41.12559576,16.86736689,876,124,1000,15573,16573,944,1054,7546,816,6958,17977,24935,601641,430276,per 771 casi non e' disponibile la provenienza,,,
2020-11-08T17:00:00,ITA,16,Puglia,41.12559576,16.86736689,880,123,1003,16184,17187,614,766,7677,837,7183,18518,25701,608364,433213,per 820 casi non e' disponibile la provenienza,,,
2020-11-09T17:00:00,ITA,16,Puglia,41.12559576,16.86736689,968,119,1087,16726,17813,626,730,7774,844,7399,19032,26431,612467,437142,per 856 casi non e' disponibile la provenienza,,,
2020-11-10T17:00:00,ITA,16,Puglia,41.12559576,16.86736689,1029,131,1160,17726,18886,1073,1245,7921,869,7796,19880,27676,621292,443227,Per 923 casi non è disponibile la provenienza,,,
2020-11-11T17:00:00,ITA,16,Puglia,41.12559576,16.86736689,1131,142,1273,18826,20099,1213,1332,8013,896,8141,20867,29008,629205,448063,Per 908 casi non è disponibile la provenienza,,,
2020-11-12T17:00:00,ITA,16,Puglia,41.12559576,16.86736689,1193,145,1338,19917,21255,1156,1434,8252,935,8536,21906,30442,638141,453311,Per 943 casi non è disponibile la provenienza,,,
2020-11-13T17:00:00,ITA,16,Puglia,41.12559576,16.86736689,1249,158,1407,21104,22511,1256,1350,8324,957,8828,22964,31792,646602,459534,Per 940 casi non è disponibile la provenienza,,,
2020-11-14T17:00:00,ITA,16,Puglia,41.12559576,16.86736689,1289,178,1467,22533,24000,1489,1741,8560,973,9536,23997,33533,656347,466554,Per 1281 casi non è disponibile la provenienza,,,
2020-11-15T17:00:00,ITA,16,Puglia,41.12559576,16.86736689,1261,180,1441,23261,24702,702,905,8751,985,9613,24825,34438,662417,469846,Per 1013 casi non è disponibile la provenienza,,,
2020-11-16T17:00:00,ITA,16,Puglia,41.12559576,16.86736689,1295,182,1477,24048,25525,823,1044,8936,1021,9985,25497,35482,666842,472227,,,,
2020-11-17T17:00:00,ITA,16,Puglia,41.12559576,16.86736689,1316,181,1497,25110,26607,1082,1234,9052,1057,10190,26526,36716,673070,477865,,,,
2020-11-18T17:00:00,ITA,16,Puglia,41.12559576,16.86736689,1320,198,1518,26096,27614,1007,1368,9385,1085,10590,27494,38084,683335,483912,,,,
2020-11-19T17:00:00,ITA,16,Puglia,41.12559576,16.86736689,1324,200,1524,26976,28500,886,1263,9734,1113,10933,28414,39347,692721,491204,,,,
2020-11-20T17:00:00,ITA,16,Puglia,41.12559576,16.86736689,1408,202,1610,27824,29434,934,1456,10240,1129,11446,29357,40803,702823,495932,,,,
2020-11-21T17:00:00,ITA,16,Puglia,41.12559576,16.86736689,1432,197,1629,28791,30420,986,1377,10612,1148,11800,30380,42180,712626,501346,,,,
2020-11-22T17:00:00,ITA,16,Puglia,41.12559576,16.86736689,1449,188,1637,29715,31352,932,1327,10975,1180,12239,31268,43507,719303,506049,,,,
2020-11-23T17:00:00,ITA,16,Puglia,41.12559576,16.86736689,1499,191,1690,30289,31979,627,980,11288,1220,12425,32062,44487,723172,507599,per 1036 casi non e' disponibile la provenienza,,,
2020-11-24T17:00:00,ITA,16,Puglia,41.12559576,16.86736689,1485,205,1690,31269,32959,980,1567,11823,1272,13035,33019,46054,732942,515378,per 1193 casi non e' disponibile la provenienza,,,
2020-11-25T17:00:00,ITA,16,Puglia,41.12559576,16.86736689,1483,210,1693,32378,34071,1112,1511,12192,1302,13419,34146,47565,742930,518776,Per 1171 casi non è disponibile la provenienza,,,
2020-11-26T17:00:00,ITA,16,Puglia,41.12559576,16.86736689,1577,211,1788,33191,34979,908,1436,12668,1354,13867,35134,49001,752542,524389,per 1142 casi non e' disponibile la provenienza,,,
2020-11-27T17:00:00,ITA,16,Puglia,41.12559576,16.86736689,1654,201,1855,34562,36417,1438,1737,12919,1402,14379,36359,50738,762047,529720,per 1240 casi non e' disponibile la provenienza,,,
2020-11-28T17:00:00,ITA,16,Puglia,41.12559576,16.86736689,1675,200,1875,35779,37654,1237,1573,13225,1432,15042,37269,52311,772079,536605,per 1567 casi non è disponibile la provenienza,,,
2020-11-29T17:00:00,ITA,16,Puglia,41.12559576,16.86736689,1675,212,1887,36357,38244,590,907,13521,1453,15493,37725,53218,780364,538195,per 1698 casi non è disponibile la provenienza,,,
2020-11-30T17:00:00,ITA,16,Puglia,41.12559576,16.86736689,1692,209,1901,36871,38772,528,1102,14065,1483,15777,38543,54320,784515,541174,per 1641 casi non e' disponibile la provenienza,,,
2020-12-01T17:00:00,ITA,16,Puglia,41.12559576,16.86736689,1693,218,1911,37855,39766,994,1659,14696,1517,16404,39575,55979,794335,545066,per 1762 casi non e' disponibile la provenienza,,,
2020-12-02T17:00:00,ITA,16,Puglia,41.12559576,16.86736689,1685,204,1889,38871,40760,994,1668,15341,1546,16848,40799,57647,804028,552400,per 1749 casi non e' disponibile la provenienza,,,
2020-12-03T17:00:00,ITA,16,Puglia,41.12559576,16.86736689,1621,226,1847,39902,41749,989,1602,15912,1588,0,0,59249,812781,555325,,33,,
2020-12-04T17:00:00,ITA,16,Puglia,41.12559576,16.86736689,1596,227,1823,40721,42544,795,1419,16464,1660,,,60668,822261,561954,Per 1650 casi non è disponibile la provenienza,42,,
2020-12-05T17:00:00,ITA,16,Puglia,41.12559576,16.86736689,1576,220,1796,42364,44160,1616,1884,16704,1688,,,62552,832380,565942,,23,,
2020-12-06T17:00:00,ITA,16,Puglia,41.12559576,16.86736689,1613,203,1816,44018,45834,1674,1789,16795,1712,,,64341,839673,567857,per 2237 casi non e' disponibile la provenienza,11,,
2020-12-07T17:00:00,ITA,16,Puglia,41.12559576,16.86736689,1608,197,1805,44773,46578,744,1001,17028,1736,,,65342,843494,571703,,14,,
2020-12-08T17:00:00,ITA,16,Puglia,41.12559576,16.86736689,1605,197,1802,45510,47312,734,915,17186,1759,,,66257,853140,574371,,17,,
2020-12-09T17:00:00,ITA,16,Puglia,41.12559576,16.86736689,1639,199,1838,46232,48070,758,917,17325,1779,,,67174,855898,576913,,22,,
2020-12-10T17:00:00,ITA,16,Puglia,41.12559576,16.86736689,1600,200,1800,47002,48802,732,1332,17870,1834,,,68506,867066,581178,,29,,
2020-12-11T17:00:00,ITA,16,Puglia,41.12559576,16.86736689,1595,187,1782,48209,49991,1189,1813,18460,1868,,,70319,878289,585802,,17,,
2020-12-12T17:00:00,ITA,16,Puglia,41.12559576,16.86736689,1587,194,1781,49455,51236,1245,1478,18650,1911,,,71797,888498,589592,Per 2665 casi non è disponibile la provenienza,26,,
2020-12-13T17:00:00,ITA,16,Puglia,41.12559576,16.86736689,1547,191,1738,50408,52146,910,1175,18892,1934,,,72972,895620,591516,,26,,
2020-12-14T17:00:00,ITA,16,Puglia,41.12559576,16.86736689,1551,184,1735,50297,52032,-114,656,19638,1958,,,73628,900498,594424,,17,,
2020-12-15T17:00:00,ITA,16,Puglia,41.12559576,16.86736689,1530,187,1717,50558,52275,243,1023,20364,2012,,,74651,910661,599964,,34,,
2020-12-16T17:00:00,ITA,16,Puglia,41.12559576,16.86736689,1498,185,1683,51167,52850,575,1388,21132,2057,,,76039,920849,604637,,42,,
2020-12-17T17:00:00,ITA,16,Puglia,41.12559576,16.86736689,1474,179,1653,50963,52616,-234,1073,22396,2100,,,77112,931577,608774,,33,,
2020-12-18T17:00:00,ITA,16,Puglia,41.12559576,16.86736689,1457,174,1631,51203,52834,218,1314,23462,2130,,,78426,940923,612809,,28,,
2020-12-19T17:00:00,ITA,16,Puglia,41.12559576,16.86736689,1432,177,1609,51780,53389,555,1382,24263,2156,,,79808,951771,616910,,28,,
2020-12-20T17:00:00,ITA,16,Puglia,41.12559576,16.86736689,1436,169,1605,52267,53872,483,791,24548,2179,,,80599,959266,619168,,16,,
2020-12-21T17:00:00,ITA,16,Puglia,41.12559576,16.86736689,1431,164,1595,51979,53574,-298,788,25603,2210,,,81387,963643,621619,,32,,
2020-12-22T17:00:00,ITA,16,Puglia,41.12559576,16.86736689,1421,167,1588,51704,53292,-282,876,26726,2245,,,82263,974063,625438,,53,,
2020-12-23T17:00:00,ITA,16,Puglia,41.12559576,16.86736689,1417,172,1589,51283,52872,-420,942,28068,2265,,,83205,984555,630156,,59,,
2020-12-24T17:00:00,ITA,16,Puglia,41.12559576,16.86736689,1422,170,1592,51539,53131,259,1458,29248,2284,,,84663,996863,634218,,26,,
2020-12-25T17:00:00,ITA,16,Puglia,41.12559576,16.86736689,1413,166,1579,52010,53589,458,1011,29775,2310,,,85674,1004403,635809,,18,,
2020-12-26T17:00:00,ITA,16,Puglia,41.12559576,16.86736689,1435,158,1593,52197,53790,201,544,30093,2335,,,86218,1006794,636666,,22,,
2020-12-27T17:00:00,ITA,16,Puglia,41.12559576,16.86736689,1444,154,1598,52040,53638,-152,221,30454,2347,,,86439,1008542,638210,,28,,
2020-12-28T17:00:00,ITA,16,Puglia,41.12559576,16.86736689,1494,139,1633,51524,53157,-481,645,31533,2394,,,87084,1012689,641246,,57,,
2020-12-29T17:00:00,ITA,16,Puglia,41.12559576,16.86736689,1466,136,1602,51231,52833,-324,749,32572,2428,,,87833,1022357,644883,,55,,
2020-12-30T17:00:00,ITA,16,Puglia,41.12559576,16.86736689,1497,128,1625,51115,52740,-93,1470,34112,2451,,,89303,1033478,649695,,11,,
2020-12-31T17:00:00,ITA,16,Puglia,41.12559576,16.86736689,1490,129,1619,51383,53002,262,1661,35490,2472,,,90964,1044314,653907,,11,,
2021-01-01T17:00:00,ITA,16,Puglia,41.12559576,16.86736689,1476,137,1613,52300,53913,911,1395,35965,2481,,,92359,1051359,655493,,13,,
2021-01-02T17:00:00,ITA,16,Puglia,41.12559576,16.86736689,1503,139,1642,52170,53812,-101,344,36400,2491,,,92703,1053380,657470,,8,,
2021-01-03T17:00:00,ITA,16,Puglia,41.12559576,16.86736689,1476,136,1612,52466,54078,266,950,37059,2516,,,93653,1060971,659907,,11,,
2021-01-04T17:00:00,ITA,16,Puglia,41.12559576,16.86736689,1464,137,1601,51938,53539,-539,631,38209,2536,,,94284,1065109,662401,,12,,
2021-01-05T17:00:00,ITA,16,Puglia,41.12559576,16.86736689,1401,152,1553,52027,53580,41,1081,39235,2550,,,95365,1075382,666941,,23,,
2021-01-06T17:00:00,ITA,16,Puglia,41.12559576,16.86736689,1383,153,1536,52492,54028,448,1581,40345,2573,,,96946,1085419,670558,,10,,
2021-01-07T17:00:00,ITA,16,Puglia,41.12559576,16.86736689,1390,154,1544,51997,53541,-487,657,41468,2594,,,97603,1088595,673205,,15,,
2021-01-08T17:00:00,ITA,16,Puglia,41.12559576,16.86736689,1362,163,1525,52397,53922,381,1349,42409,2621,,,98952,1099615,678168,,33,,
2021-01-09T17:00:00,ITA,16,Puglia,41.12559576,16.86736689,1376,175,1551,53184,54735,813,1499,43068,2648,,,100451,1110495,682485,,22,,
2021-01-10T17:00:00,ITA,16,Puglia,41.12559576,16.86736689,1375,165,1540,53739,55279,544,1162,43662,2672,,,101613,1119005,684680,,8,,
2021-01-11T17:00:00,ITA,16,Puglia,41.12559576,16.86736689,1388,169,1557,53376,54933,-346,622,44604,2698,,,102235,1122582,687450,,14,,
2021-01-12T17:00:00,ITA,16,Puglia,41.12559576,16.86736689,1392,170,1562,53688,55250,317,1261,45506,2740,,,103496,1133040,691753,,22,,
2021-01-13T17:00:00,ITA,16,Puglia,41.12559576,16.86736689,1406,165,1571,53907,55478,228,1082,46345,2755,,,104578,1143261,695988,,3,,
2021-01-14T17:00:00,ITA,16,Puglia,41.12559576,16.86736689,1387,162,1549,53986,55535,57,1524,47788,2779,,,106102,1152452,700132,,10,,
2021-01-15T17:00:00,ITA,16,Puglia,41.12559576,16.86736689,1374,148,1522,54300,55822,287,1295,48765,2810,,,107397,1162264,705746,,7,,,107349,48,1160967,1297,ITF,ITF4
2021-01-16T17:00:00,ITA,16,Puglia,41.12559576,16.86736689,1381,148,1529,54474,56003,181,1123,49692,2825,,,108520,1174161,709646,,11,,,108439,81,1171368,2793,ITF,ITF4
2021-01-17T17:00:00,ITA,16,Puglia,41.12559576,16.86736689,1403,142,1545,54575,56120,117,908,50458,2850,,,109428,1181733,711017,,5,,,109333,95,1178107,3626,ITF,ITF4
2021-01-18T17:00:00,ITA,16,Puglia,41.12559576,16.86736689,1398,143,1541,53971,55512,-608,403,51443,2876,,,109831,1184798,713076,,11,,,109739,92,1180706,4092,ITF,ITF4
2021-01-19T17:00:00,ITA,16,Puglia,41.12559576,16.86736689,1354,142,1496,53695,55191,-321,850,52598,2892,,,110681,1197220,718201,,10,,,110561,120,1191807,5413,ITF,ITF4
2021-01-20T17:00:00,ITA,16,Puglia,41.12559576,16.86736689,1350,148,1498,53603,55101,-90,1159,53822,2917,,,111840,1208705,722341,,26,,,111675,165,1201933,6772,ITF,ITF4
2021-01-21T17:00:00,ITA,16,Puglia,41.12559576,16.86736689,1346,151,1497,53287,54784,-317,1275,55388,2943,,,113115,1220229,725978,,15,,,112934,181,1212188,8041,ITF,ITF4
2021-01-22T17:00:00,ITA,16,Puglia,41.12559576,16.86736689,1327,153,1480,53067,54547,-237,1018,56611,2975,,,114133,1230116,729722,,15,,,113932,201,1220596,9520,ITF,ITF4
2021-01-23T17:00:00,ITA,16,Puglia,41.12559576,16.86736689,1381,159,1540,53075,54615,68,1023,57555,2986,,,115156,1240449,733323,,14,,,114945,211,1229511,10938,ITF,ITF4
2021-01-24T17:00:00,ITA,16,Puglia,41.12559576,16.86736689,1391,164,1555,53515,55070,455,954,58040,3000,,,116110,1249072,734710,,10,,,115891,219,1237300,11772,ITF,ITF4
2021-01-25T17:00:00,ITA,16,Puglia,41.12559576,16.86736689,1380,169,1549,52833,54382,-688,401,59097,3032,,,116511,1253021,736815,,16,,,116283,228,1240704,12317,ITF,ITF4
2021-01-26T17:00:00,ITA,16,Puglia,41.12559576,16.86736689,1403,180,1583,52132,53715,-667,995,60729,3062,,,117506,1264811,742039,,27,,,117241,265,1251051,13760,ITF,ITF4
2021-01-27T17:00:00,ITA,16,Puglia,41.12559576,16.86736689,1410,182,1592,51851,53443,-272,1233,62204,3092,,,118739,1276613,746197,,18,,,118439,300,1261654,14959,ITF,ITF4
2021-01-28T17:00:00,ITA,16,Puglia,41.12559576,16.86736689,1394,173,1567,50781,52348,-1095,1159,64424,3126,,,119898,1286025,749986,,11,,,119574,324,1269934,16091,ITF,ITF4
2021-01-29T17:00:00,ITA,16,Puglia,41.12559576,16.86736689,1401,168,1569,50709,52278,-70,1069,65539,3150,,,120967,1294800,754947,,12,,,120604,363,1277361,17439,ITF,ITF4
2021-01-30T17:00:00,ITA,16,Puglia,41.12559576,16.86736689,1389,163,1552,50605,52157,-121,871,66502,3179,,,121838,1304490,759030,,7,,,121445,393,1285290,19200,ITF,ITF4
2021-01-31T17:00:00,ITA,16,Puglia,41.12559576,16.86736689,1397,164,1561,51183,52744,587,1069,66971,3192,,,122907,1312676,760108,,10,,,122522,385,1292540,20136,ITF,ITF4
2021-02-01T17:00:00,ITA,16,Puglia,41.12559576,16.86736689,1411,171,1582,50502,52084,-660,379,67974,3228,,,123286,1316798,762384,,13,,,122911,375,1295997,20801,ITF,ITF4
2021-02-02T17:00:00,ITA,16,Puglia,41.12559576,16.86736689,1432,170,1602,50100,51702,-382,879,69209,3254,,,124165,1325499,767709,,13,,,123750,415,1303111,22388,ITF,ITF4
2021-02-03T17:00:00,ITA,16,Puglia,41.12559576,16.86736689,1429,155,1584,50131,51715,13,1044,70194,3300,,,125209,1336292,771982,,4,,,124781,428,1312440,23852,ITF,ITF4
2021-02-04T17:00:00,ITA,16,Puglia,41.12559576,16.86736689,1420,158,1578,49852,51430,-285,975,71423,3331,,,126184,1346440,775587,,14,,,125774,410,1321259,25181,ITF,ITF4
2021-02-05T17:00:00,ITA,16,Puglia,41.12559576,16.86736689,1416,168,1584,49442,51026,-404,1215,73013,3360,,,127399,1356327,779903,,21,,,126987,412,1329718,26609,ITF,ITF4
2021-02-06T17:00:00,ITA,16,Puglia,41.12559576,16.86736689,1427,157,1584,49491,51075,49,926,73859,3391,,,128325,1366157,783795,,9,,,127912,413,1338188,27969,ITF,ITF4
2021-02-07T17:00:00,ITA,16,Puglia,41.12559576,16.86736689,1434,162,1596,49670,51266,191,765,74425,3399,,,129090,1374908,785476,,7,,,128685,405,1345826,29082,ITF,ITF4
2021-02-08T17:00:00,ITA,16,Puglia,41.12559576,16.86736689,1450,164,1614,48671,50285,-981,377,75760,3422,,,129467,1378491,788200,,16,,,129073,394,1348713,29778,ITF,ITF4
2021-02-09T17:00:00,ITA,16,Puglia,41.12559576,16.86736689,1415,165,1580,46980,48560,-1725,681,78125,3463,,,130148,1387753,792523,,25,,,129748,400,1356774,30979,ITF,ITF4
2021-02-10T17:00:00,ITA,16,Puglia,41.12559576,16.86736689,1488,167,1655,45451,47106,-1454,1063,80617,3488,,,131211,1398270,796957,,19,,,130781,430,1365717,32553,ITF,ITF4
2021-02-11T17:00:00,ITA,16,Puglia,41.12559576,16.86736689,1485,165,1650,42528,44178,-2928,1248,84760,3521,,,132459,1408642,800262,,14,,,131980,479,1374995,33647,ITF,ITF4
2021-02-12T17:00:00,ITA,16,Puglia,41.12559576,16.86736689,1427,169,1596,40004,41600,-2578,1020,88325,3554,,,133479,1418783,804169,,20,,,132997,482,1383949,34834,ITF,ITF4
2021-02-13T17:00:00,ITA,16,Puglia,41.12559576,16.86736689,1384,164,1548,39974,41522,-78,945,89320,3582,,,134424,1428130,807684,,15,,,133942,482,1392056,36074,ITF,ITF4
2021-02-14T17:00:00,ITA,16,Puglia,41.12559576,16.86736689,1359,161,1520,40134,41654,132,732,89903,3599,,,135156,1435404,808985,,11,,,134678,478,1398584,36820,ITF,ITF4
2021-02-15T17:00:00,ITA,16,Puglia,41.12559576,16.86736689,1345,159,1504,38960,40464,-1190,345,91416,3621,,,135501,1438375,810912,,8,,,135028,473,1401198,37177,ITF,ITF4
2021-02-16T17:00:00,ITA,16,Puglia,41.12559576,16.86736689,1324,156,1480,37708,39188,-1276,694,93352,3655,,,136195,1448475,815496,,24,,,135708,487,1410084,38391,ITF,ITF4
2021-02-17T17:00:00,ITA,16,Puglia,41.12559576,16.86736689,1314,156,1470,36564,38034,-1154,883,95372,3672,,,137078,1458849,819456,,5,,,136600,478,1419385,39464,ITF,ITF4
2021-02-18T17:00:00,ITA,16,Puglia,41.12559576,16.86736689,1283,159,1442,34287,35729,-2305,844,98484,3709,,,137922,1468882,823608,,21,,,137434,488,1428103,40779,ITF,ITF4
2021-02-19T17:00:00,ITA,16,Puglia,41.12559576,16.86736689,1261,163,1424,31906,33330,-2399,874,101730,3736,,,138796,1478023,827529,,12,,,138294,502,1435919,42104,ITF,ITF4
2021-02-20T17:00:00,ITA,16,Puglia,41.12559576,16.86736689,1251,164,1415,31669,33084,-246,905,102858,3759,,,139701,1487903,831381,,13,,,139183,518,1444416,43487,ITF,ITF4
2021-02-21T17:00:00,ITA,16,Puglia,41.12559576,16.86736689,1262,169,1431,31767,33198,114,758,103496,3765,,,140459,1494986,833064,,11,,,139931,528,1450460,44526,ITF,ITF4
2021-02-22T17:00:00,ITA,16,Puglia,41.12559576,16.86736689,1282,160,1442,31253,32695,-503,343,104325,3782,,,140802,1499147,835594,,11,,,140281,521,1453911,45236,ITF,ITF4
2021-02-23T17:00:00,ITA,16,Puglia,41.12559576,16.86736689,1265,164,1429,31013,32442,-253,823,105369,3814,,,141625,1511214,841295,,26,,,141134,491,1464291,46923,ITF,ITF4
2021-02-24T17:00:00,ITA,16,Puglia,41.12559576,16.86736689,1255,162,1417,30673,32090,-352,991,106688,3838,,,142616,1522139,845682,,15,,,142137,479,1473631,48508,ITF,ITF4
2021-02-25T17:00:00,ITA,16,Puglia,41.12559576,16.86736689,1253,165,1418,30554,31972,-118,1154,107933,3865,,,143770,1532395,849741,,18,,,143267,503,1482626,49769,ITF,ITF4
2021-02-26T17:00:00,ITA,16,Puglia,41.12559576,16.86736689,1246,164,1410,30629,32039,67,1104,108948,3887,,,144874,1540574,854520,,12,,,144365,509,1489415,51159,ITF,ITF4
2021-02-27T17:00:00,ITA,16,Puglia,41.12559576,16.86736689,1239,161,1400,31057,32457,418,1123,109633,3907,,,145997,1549574,859293,,14,,,145469,528,1496910,52664,ITF,ITF4
2021-02-28T17:00:00,ITA,16,Puglia,41.12559576,16.86736689,1228,170,1398,31683,33081,624,1053,110046,3923,,,147050,1557266,861270,,14,,,146516,534,1503622,53644,ITF,ITF4
2021-03-01T17:00:00,ITA,16,Puglia,41.12559576,16.86736689,1255,167,1422,31540,32962,-119,631,110767,3952,,,147681,1561952,864140,,9,,,147167,514,1507586,54366,ITF,ITF4
2021-03-02T17:00:00,ITA,16,Puglia,41.12559576,16.86736689,1269,163,1432,31679,33111,149,1021,111599,3992,,,148702,1571274,870531,,17,,,148149,553,1515381,55893,ITF,ITF4
2021-03-03T17:00:00,ITA,16,Puglia,41.12559576,16.86736689,1280,168,1448,32220,33668,557,1261,112274,4021,,,149963,1582701,875257,,15,,,149387,576,1525534,57167,ITF,ITF4
2021-03-04T17:00:00,ITA,16,Puglia,41.12559576,16.86736689,1287,162,1449,32357,33806,138,1438,113542,4053,,,151401,1592759,879867,,14,,,150814,587,1534320,58439,ITF,ITF4
2021-03-05T17:00:00,ITA,16,Puglia,41.12559576,16.86736689,1282,161,1443,32807,34250,444,1418,114497,4072,,,152819,1603289,885085,,11,,,152197,622,1543342,59947,ITF,ITF4
2021-03-06T17:00:00,ITA,16,Puglia,41.12559576,16.86736689,1283,156,1439,33414,34853,603,1483,115362,4087,,,154302,1613815,889948,,11,,,153640,662,1552340,61475,ITF,ITF4
2021-03-07T17:00:00,ITA,16,Puglia,41.12559576,16.86736689,1303,155,1458,34008,35466,613,1155,115894,4097,,,155457,1622312,892089,,3,,,154791,666,1559831,62481,ITF,ITF4
2021-03-08T17:00:00,ITA,16,Puglia,41.12559576,16.86736689,1347,169,1516,33691,35207,-259,594,116722,4122,,,156051,1626872,894898,,27,,,155380,671,1563648,63224,ITF,ITF4
2021-03-09T17:00:00,ITA,16,Puglia,41.12559576,16.86736689,1369,163,1532,34273,35805,598,1286,117371,4161,,,157337,1637604,900847,,26,,,156631,706,1573147,64457,ITF,ITF4
2021-03-09T17:00:00,ITA,16,Puglia,41.12559576,16.86736689,1369,163,1532,34273,35805,598,1286,117371,4161,,,157337,1637604,900847,,26,,,156631,706,1573147,64457,ITF,ITF4
