data,stato,codice_regione,denominazione_regione,lat,long,ricoverati_con_sintomi,terapia_intensiva,totale_ospedalizzati,isolamento_domiciliare,totale_positivi,variazione_totale_positivi,nuovi_positivi,dimessi_guariti,deceduti,casi_da_sospetto_diagnostico,casi_da_screening,totale_casi,tamponi,casi_testati,note,ingressi_terapia_intensiva,note_test,note_casi
2020-02-24T18:00:00 ITA 06 Friuli_Venezia_Giulia 45.6494354 13.76813649 0 0 0 0 0 0 0 0 0   0 58     
2020-02-25T18:00:00 ITA 06 Friuli_Venezia_Giulia 45.6494354 13.76813649 0 0 0 0 0 0 0 0 0   0 89     
2020-02-26T18:00:00 ITA 06 Friuli_Venezia_Giulia 45.6494354 13.76813649 0 0 0 0 0 0 0 0 0   0 114     
2020-02-27T18:00:00 ITA 06 Friuli_Venezia_Giulia 45.6494354 13.76813649 0 0 0 0 0 0 0 0 0   0 141     
2020-02-28T18:00:00 ITA 06 Friuli_Venezia_Giulia 45.6494354 13.76813649 0 0 0 0 0 0 0 0 0   0 169     
2020-02-29T17:00:00 ITA 06 Friuli_Venezia_Giulia 45.6494354 13.76813649 0 0 0 0 0 0 0 0 0   0 189     
2020-03-01T17:00:00 ITA 06 Friuli_Venezia_Giulia 45.6494354 13.76813649 0 0 0 6 6 6 6 0 0   6 243     
2020-03-02T18:00:00 ITA 06 Friuli_Venezia_Giulia 45.6494354 13.76813649 0 0 0 9 9 3 3 0 0   9 269     
2020-03-03T18:00:00 ITA 06 Friuli_Venezia_Giulia 45.6494354 13.76813649 1 0 1 12 13 4 4 0 0   13 354     
2020-03-04T17:00:00 ITA 06 Friuli_Venezia_Giulia 45.6494354 13.76813649 3 0 3 15 18 5 5 0 0   18 376     
2020-03-05T17:00:00 ITA 06 Friuli_Venezia_Giulia 45.6494354 13.76813649 4 0 4 17 21 3 3 0 0   21 397     
2020-03-06T17:00:00 ITA 06 Friuli_Venezia_Giulia 45.6494354 13.76813649 4 0 4 24 28 7 10 3 0   31 577     
2020-03-07T18:00:00 ITA 06 Friuli_Venezia_Giulia 45.6494354 13.76813649 7 1 8 31 39 11 11 3 0   42 577     
2020-03-08T18:00:00 ITA 06 Friuli_Venezia_Giulia 45.6494354 13.76813649 7 1 8 45 53 14 15 3 1   57 997     
2020-03-09T18:00:00 ITA 06 Friuli_Venezia_Giulia 45.6494354 13.76813649 18 1 19 70 89 36 36 3 1   93 1344     
2020-03-10T18:00:00 ITA 06 Friuli_Venezia_Giulia 45.6494354 13.76813649 27 6 33 77 110 21 23 3 3   116 1602     
2020-03-11T17:00:00 ITA 06 Friuli_Venezia_Giulia 45.6494354 13.76813649 16 5 21 89 110 0 10 10 6   126 2073     
2020-03-12T17:00:00 ITA 06 Friuli_Venezia_Giulia 45.6494354 13.76813649 23 10 33 115 148 38 41 11 8   167 2604     
2020-03-13T17:00:00 ITA 06 Friuli_Venezia_Giulia 45.6494354 13.76813649 59 8 67 169 236 88 90 11 10   257 3149     
2020-03-14T17:00:00 ITA 06 Friuli_Venezia_Giulia 45.6494354 13.76813649 67 11 78 193 271 35 44 17 13   301 3376     
2020-03-15T17:00:00 ITA 06 Friuli_Venezia_Giulia 45.6494354 13.76813649 98 12 110 206 316 45 46 17 14   347 3407     
2020-03-16T17:00:00 ITA 06 Friuli_Venezia_Giulia 45.6494354 13.76813649 96 19 115 231 346 30 39 18 22   386 4851     
2020-03-17T17:00:00 ITA 06 Friuli_Venezia_Giulia 45.6494354 13.76813649 104 21 125 222 347 1 8 17 30   394 4958     
2020-03-18T17:00:00 ITA 06 Friuli_Venezia_Giulia 45.6494354 13.76813649 128 27 155 261 416 69 68 15 31   462 4958     
2020-03-19T17:00:00 ITA 06 Friuli_Venezia_Giulia 45.6494354 13.76813649 134 29 163 359 522 106 137 41 36   599 4052     
2020-03-20T17:00:00 ITA 06 Friuli_Venezia_Giulia 45.6494354 13.76813649 143 32 175 380 555 33 57 63 38   656 4964     
2020-03-21T17:00:00 ITA 06 Friuli_Venezia_Giulia 45.6494354 13.76813649 152 37 189 477 666 111 134 82 42   790 5955     
2020-03-22T17:00:00 ITA 06 Friuli_Venezia_Giulia 45.6494354 13.76813649 163 47 210 528 738 72 84 89 47   874 6761     
2020-03-23T17:00:00 ITA 06 Friuli_Venezia_Giulia 45.6494354 13.76813649 185 41 226 545 771 33 56 105 54   930 7424     
2020-03-24T17:00:00 ITA 06 Friuli_Venezia_Giulia 45.6494354 13.76813649 195 49 244 604 848 77 62 80 64   992 8526     
2020-03-25T17:00:00 ITA 06 Friuli_Venezia_Giulia 45.6494354 13.76813649 200 52 252 659 911 63 147 158 70   1139 9494     
2020-03-26T17:00:00 ITA 06 Friuli_Venezia_Giulia 45.6494354 13.76813649 212 54 266 688 954 43 84 197 72   1223 10721     
2020-03-27T17:00:00 ITA 06 Friuli_Venezia_Giulia 45.6494354 13.76813649 222 57 279 748 1027 73 94 214 76   1317 11841     
2020-03-28T17:00:00 ITA 06 Friuli_Venezia_Giulia 45.6494354 13.76813649 223 59 282 838 1120 93 119 229 87   1436 12723     
2020-03-29T17:00:00 ITA 06 Friuli_Venezia_Giulia 45.6494354 13.76813649 236 60 296 845 1141 21 44 241 98   1480 13397     
2020-03-30T17:00:00 ITA 06 Friuli_Venezia_Giulia 45.6494354 13.76813649 229 60 289 820 1109 -32 21 285 107   1501 14003     
2020-03-31T17:00:00 ITA 06 Friuli_Venezia_Giulia 45.6494354 13.76813649 215 60 275 885 1160 51 92 320 113   1593 14899     
2020-04-01T17:00:00 ITA 06 Friuli_Venezia_Giulia 45.6494354 13.76813649 206 60 266 940 1206 46 92 357 122   1685 15987     
2020-04-02T17:00:00 ITA 06 Friuli_Venezia_Giulia 45.6494354 13.76813649 199 60 259 1035 1294 88 114 376 129   1799 17121     
2020-04-03T17:00:00 ITA 06 Friuli_Venezia_Giulia 45.6494354 13.76813649 201 61 262 1062 1324 30 80 419 136   1879 19985     
2020-04-04T17:00:00 ITA 06 Friuli_Venezia_Giulia 45.6494354 13.76813649 183 50 233 1103 1336 12 107 505 145   1986 21126     
2020-04-05T17:00:00 ITA 06 Friuli_Venezia_Giulia 45.6494354 13.76813649 185 50 235 1128 1363 27 62 531 154   2048 21652     
2020-04-06T17:00:00 ITA 06 Friuli_Venezia_Giulia 45.6494354 13.76813649 189 46 235 1161 1396 33 55 549 158   2103 22272     
2020-04-07T17:00:00 ITA 06 Friuli_Venezia_Giulia 45.6494354 13.76813649 185 44 229 1150 1379 -17 50 610 164   2153 23536     
2020-04-08T17:00:00 ITA 06 Friuli_Venezia_Giulia 45.6494354 13.76813649 162 41 203 1212 1415 36 65 634 169   2218 24798     
2020-04-09T17:00:00 ITA 06 Friuli_Venezia_Giulia 45.6494354 13.76813649 167 37 204 1186 1390 -25 81 738 171   2299 26205     
2020-04-10T17:00:00 ITA 06 Friuli_Venezia_Giulia 45.6494354 13.76813649 167 33 200 1198 1398 8 50 772 179   2349 28097     
2020-04-11T17:00:00 ITA 06 Friuli_Venezia_Giulia 45.6494354 13.76813649 172 28 200 1182 1382 -16 44 826 185   2393 29685     
2020-04-12T17:00:00 ITA 06 Friuli_Venezia_Giulia 45.6494354 13.76813649 160 28 188 1138 1326 -56 38 910 195   2431 29988     
2020-04-13T17:00:00 ITA 06 Friuli_Venezia_Giulia 45.6494354 13.76813649 159 30 189 1118 1307 -19 51 973 202   2482 30941     
2020-04-14T17:00:00 ITA 06 Friuli_Venezia_Giulia 45.6494354 13.76813649 166 28 194 705 899 -408 38 1415 206   2520 31764     
2020-04-15T17:00:00 ITA 06 Friuli_Venezia_Giulia 45.6494354 13.76813649 163 24 187 1207 1394 495 24 938 212   2544 33800  dc-IT-0004   
2020-04-16T17:00:00 ITA 06 Friuli_Venezia_Giulia 45.6494354 13.76813649 159 26 185 1145 1330 -64 72 1069 217   2616 35766     
2020-04-17T17:00:00 ITA 06 Friuli_Venezia_Giulia 45.6494354 13.76813649 148 23 171 1257 1428 98 59 1027 220   2675 40030     
2020-04-18T17:00:00 ITA 06 Friuli_Venezia_Giulia 45.6494354 13.76813649 141 27 168 1235 1403 -25 56 1106 222   2731 43293     
2020-04-19T17:00:00 ITA 06 Friuli_Venezia_Giulia 45.6494354 13.76813649 140 25 165 1172 1337 -66 14 1183 225   2745 44622 27544    
2020-04-20T17:00:00 ITA 06 Friuli_Venezia_Giulia 45.6494354 13.76813649 140 22 162 1028 1190 -147 30 1346 239   2775 45161 28777    
2020-04-21T17:00:00 ITA 06 Friuli_Venezia_Giulia 45.6494354 13.76813649 139 21 160 1162 1322 132 17 1229 241   2792 48500 31352    
2020-04-22T17:00:00 ITA 06 Friuli_Venezia_Giulia 45.6494354 13.76813649 134 20 154 1154 1308 -14 25 1263 246   2817 50869 32871    
2020-04-23T17:00:00 ITA 06 Friuli_Venezia_Giulia 45.6494354 13.76813649 138 18 156 979 1135 -173 41 1467 256   2858 52918 34057    
2020-04-24T17:00:00 ITA 06 Friuli_Venezia_Giulia 45.6494354 13.76813649 136 16 152 1168 1320 185 24 1304 258   2882 55502 35547 dc-IT-0008   
2020-04-25T17:00:00 ITA 06 Friuli_Venezia_Giulia 45.6494354 13.76813649 122 15 137 947 1084 -236 21 1556 263   2903 58375 37211    
2020-04-26T17:00:00 ITA 06 Friuli_Venezia_Giulia 45.6494354 13.76813649 129 13 142 1106 1248 164 14 1405 264   2917 59681 38202    
2020-04-27T17:00:00 ITA 06 Friuli_Venezia_Giulia 45.6494354 13.76813649 130 13 143 1115 1258 10 60 1448 271   2977 60940 39330    
2020-04-28T17:00:00 ITA 06 Friuli_Venezia_Giulia 45.6494354 13.76813649 136 13 149 1090 1239 -19 18 1478 278   2995 64151 41273    
2020-04-29T17:00:00 ITA 06 Friuli_Venezia_Giulia 45.6494354 13.76813649 134 12 146 1081 1227 -12 15 1498 285   3010 66769 42902    
2020-04-30T17:00:00 ITA 06 Friuli_Venezia_Giulia 45.6494354 13.76813649 109 11 120 1050 1170 -57 15 1566 289   3025 67930 43691    
2020-05-01T17:00:00 ITA 06 Friuli_Venezia_Giulia 45.6494354 13.76813649 131 6 137 978 1115 -55 16 1632 294   3041 71013 45566    
2020-05-02T17:00:00 ITA 06 Friuli_Venezia_Giulia 45.6494354 13.76813649 131 5 136 973 1109 -6 18 1655 295   3059 73855 47259    
2020-05-03T17:00:00 ITA 06 Friuli_Venezia_Giulia 45.6494354 13.76813649 131 6 137 950 1087 -22 13 1688 297   3072 74990 48041    
2020-05-04T17:00:00 ITA 06 Friuli_Venezia_Giulia 45.6494354 13.76813649 130 4 134 916 1050 -37 4 1727 299   3076 75421 48250    
2020-05-05T17:00:00 ITA 06 Friuli_Venezia_Giulia 45.6494354 13.76813649 120 4 124 860 984 -66 9 1798 303   3085 78510 50135    
2020-05-06T17:00:00 ITA 06 Friuli_Venezia_Giulia 45.6494354 13.76813649 115 3 118 844 962 -22 9 1826 306   3094 79429 50698    
2020-05-07T17:00:00 ITA 06 Friuli_Venezia_Giulia 45.6494354 13.76813649 109 2 111 816 927 -35 13 1872 308   3107 82012 51123    
2020-05-08T17:00:00 ITA 06 Friuli_Venezia_Giulia 45.6494354 13.76813649 105 2 107 804 911 -16 9 1897 308   3116 82902 52784    
2020-05-09T17:00:00 ITA 06 Friuli_Venezia_Giulia 45.6494354 13.76813649 101 3 104 765 869 -42 8 1947 308   3124 88384 55319    
2020-05-10T17:00:00 ITA 06 Friuli_Venezia_Giulia 45.6494354 13.76813649 98 3 101 750 851 -18 6 1969 310   3130 89449 56205    
2020-05-11T17:00:00 ITA 06 Friuli_Venezia_Giulia 45.6494354 13.76813649 96 3 99 731 830 -21 8 1996 312   3138 90860 57130    
2020-05-12T17:00:00 ITA 06 Friuli_Venezia_Giulia 45.6494354 13.76813649 96 2 98 703 801 -29 10 2034 313   3148 93051 58395    
2020-05-13T17:00:00 ITA 06 Friuli_Venezia_Giulia 45.6494354 13.76813649 92 2 94 685 779 -22 8 2061 316   3156 94600 58936    
2020-05-14T17:00:00 ITA 06 Friuli_Venezia_Giulia 45.6494354 13.76813649 149 2 151 619 770 -9 5 2074 317   3161 97000 60177    
2020-05-15T17:00:00 ITA 06 Friuli_Venezia_Giulia 45.6494354 13.76813649 80 3 83 658 741 -29 14 2116 318   3175 100400 62319    
2020-05-16T17:00:00 ITA 06 Friuli_Venezia_Giulia 45.6494354 13.76813649 79 3 82 598 680 -61 8 2184 319   3183 101694 63251    
2020-05-17T17:00:00 ITA 06 Friuli_Venezia_Giulia 45.6494354 13.76813649 80 3 83 571 654 -26 8 2218 319   3191 104056 64558    
2020-05-18T17:00:00 ITA 06 Friuli_Venezia_Giulia 45.6494354 13.76813649 81 3 84 537 621 -33 7 2257 320   3198 104874 65184    
2020-05-19T17:00:00 ITA 06 Friuli_Venezia_Giulia 45.6494354 13.76813649 76 2 78 522 600 -21 5 2283 320   3203 105656 65476    
2020-05-20T17:00:00 ITA 06 Friuli_Venezia_Giulia 45.6494354 13.76813649 76 2 78 518 596 -4 6 2291 322   3209 108671 67449    
2020-05-21T17:00:00 ITA 06 Friuli_Venezia_Giulia 45.6494354 13.76813649 72 2 74 504 578 -18 6 2314 323   3215 111541 68882    
2020-05-22T17:00:00 ITA 06 Friuli_Venezia_Giulia 45.6494354 13.76813649 68 2 70 415 485 -93 12 2417 325   3227 114062 70035    
2020-05-23T17:00:00 ITA 06 Friuli_Venezia_Giulia 45.6494354 13.76813649 63 1 64 395 459 -26 6 2447 327   3233 116689 71043    
2020-05-24T17:00:00 ITA 06 Friuli_Venezia_Giulia 45.6494354 13.76813649 62 1 63 349 412 -47 3 2495 329   3236 118852 72104    
2020-05-25T17:00:00 ITA 06 Friuli_Venezia_Giulia 45.6494354 13.76813649 62 1 63 323 386 -26 4 2525 329   3240 120123 73079    
2020-05-26T17:00:00 ITA 06 Friuli_Venezia_Giulia 45.6494354 13.76813649 59 1 60 315 375 -11 11 2547 329   3251 121412 73911    
2020-05-27T17:00:00 ITA 06 Friuli_Venezia_Giulia 45.6494354 13.76813649 51 1 52 304 356 -19 4 2568 331   3255 123063 74332    
2020-05-28T17:00:00 ITA 06 Friuli_Venezia_Giulia 45.6494354 13.76813649 51 1 52 284 336 -20 7 2593 333   3262 126015 76369    
2020-05-29T17:00:00 ITA 06 Friuli_Venezia_Giulia 45.6494354 13.76813649 45 2 47 276 323 -13 5 2611 333   3267 130838 78151    
2020-05-30T17:00:00 ITA 06 Friuli_Venezia_Giulia 45.6494354 13.76813649 45 1 46 259 305 -18 4 2633 333   3271 131976 78972    
2020-05-31T17:00:00 ITA 06 Friuli_Venezia_Giulia 45.6494354 13.76813649 41 1 42 236 278 -27 2 2662 333   3273 134378 80223    
2020-06-01T17:00:00 ITA 06 Friuli_Venezia_Giulia 45.6494354 13.76813649 40 2 42 224 266 -12 1 2673 335   3274 135431 80085    
2020-06-02T17:00:00 ITA 06 Friuli_Venezia_Giulia 45.6494354 13.76813649 40 2 42 202 244 -22 2 2696 336   3276 136524 80795    
2020-06-03T17:00:00 ITA 06 Friuli_Venezia_Giulia 45.6494354 13.76813649 39 2 41 192 233 -11 0 2707 336   3276 138250 81683    
2020-06-04T17:00:00 ITA 06 Friuli_Venezia_Giulia 45.6494354 13.76813649 34 2 36 177 213 -20 3 2730 336   3279 138942 81854    
2020-06-05T17:00:00 ITA 06 Friuli_Venezia_Giulia 45.6494354 13.76813649 25 2 27 153 180 -33 1 2762 338   3280 142246 83600    
2020-06-06T17:00:00 ITA 06 Friuli_Venezia_Giulia 45.6494354 13.76813649 24 2 26 135 161 -19 3 2784 338   3283 146338 84978    
2020-06-07T17:00:00 ITA 06 Friuli_Venezia_Giulia 45.6494354 13.76813649 22 4 26 125 151 -10 0 2793 339   3283 147673 85671    
2020-06-08T17:00:00 ITA 06 Friuli_Venezia_Giulia 45.6494354 13.76813649 22 3 25 119 144 -7 1 2800 340   3284 148030 85834    
2020-06-09T17:00:00 ITA 06 Friuli_Venezia_Giulia 45.6494354 13.76813649 21 2 23 105 128 -16 0 2816 340   3284 148889 86257    
2020-06-10T17:00:00 ITA 06 Friuli_Venezia_Giulia 45.6494354 13.76813649 25 1 26 87 113 -15 2 2832 341   3286 152866 90061    
2020-06-11T17:00:00 ITA 06 Friuli_Venezia_Giulia 45.6494354 13.76813649 22 0 22 90 112 -1 1 2833 342   3287 153763 90508    
2020-06-12T17:00:00 ITA 06 Friuli_Venezia_Giulia 45.6494354 13.76813649 18 0 18 90 108 -4 3 2840 342   3290 157909 92278    
2020-06-13T17:00:00 ITA 06 Friuli_Venezia_Giulia 45.6494354 13.76813649 15 0 15 90 105 -3 6 2848 343   3296 158870 93222    
2020-06-14T17:00:00 ITA 06 Friuli_Venezia_Giulia 45.6494354 13.76813649 15 1 16 87 103 -2 0 2850 343   3296 160824 93641    
2020-06-15T17:00:00 ITA 06 Friuli_Venezia_Giulia 45.6494354 13.76813649 15 1 16 83 99 -4 0 2854 343   3296 161945 94567    
2020-06-16T17:00:00 ITA 06 Friuli_Venezia_Giulia 45.6494354 13.76813649 14 0 14 85 99 0 1 2855 343   3297 162440 95057    
2020-06-17T17:00:00 ITA 06 Friuli_Venezia_Giulia 45.6494354 13.76813649 16 0 16 83 99 0 2 2857 343   3299 166064 96534    
2020-06-18T17:00:00 ITA 06 Friuli_Venezia_Giulia 45.6494354 13.76813649 15 1 16 81 97 -2 2 2861 343   3301 167485 97662    
2020-06-19T17:00:00 ITA 06 Friuli_Venezia_Giulia 45.6494354 13.76813649 16 0 16 69 85 -12 2 2875 343   3303 170109 98912    
2020-06-20T17:00:00 ITA 06 Friuli_Venezia_Giulia 45.6494354 13.76813649 16 1 17 66 83 -2 1 2877 344   3304 171947 99462    
2020-06-21T17:00:00 ITA 06 Friuli_Venezia_Giulia 45.6494354 13.76813649 16 0 16 62 78 -5 1 2883 344   3305 174652 101192    
2020-06-22T17:00:00 ITA 06 Friuli_Venezia_Giulia 45.6494354 13.76813649 15 0 15 57 72 -6 0 2889 344   3305 175706 101622    
2020-06-23T17:00:00 ITA 06 Friuli_Venezia_Giulia 45.6494354 13.76813649 14 0 14 57 71 -1 0 2890 344   3305 176470 102267    
2020-06-24T17:00:00 ITA 06 Friuli_Venezia_Giulia 45.6494354 13.76813649 13 0 13 44 57 -14 0 2904 344   3305 178733 103086    
2020-06-25T17:00:00 ITA 06 Friuli_Venezia_Giulia 45.6494354 13.76813649 12 0 12 41 53 -4 0 2907 345 3305 0 3305 180978 103759    
2020-06-26T17:00:00 ITA 06 Friuli_Venezia_Giulia 45.6494354 13.76813649 13 0 13 35 48 -5 2 2914 345 3306 1 3307 183824 104501    
2020-06-27T17:00:00 ITA 06 Friuli_Venezia_Giulia 45.6494354 13.76813649 12 0 12 30 42 -6 0 2920 345 3306 1 3307 185651 105108    
2020-06-28T17:00:00 ITA 06 Friuli_Venezia_Giulia 45.6494354 13.76813649 12 0 12 26 38 -4 1 2925 345 3307 1 3308 186781 105492    
2020-06-29T17:00:00 ITA 06 Friuli_Venezia_Giulia 45.6494354 13.76813649 12 0 12 24 36 -2 0 2927 345 3307 1 3308 187500 105815    
2020-06-30T17:00:00 ITA 06 Friuli_Venezia_Giulia 45.6494354 13.76813649 9 0 9 36 45 9 0 2918 345 3307 1 3308 189955 106632 Il numero dei guariti è inferiore al precedente invio in quanto tre soggetti che risultavano guariti per negatività da tampone (2 consecutivi) si sono ri-positivizzati ma non contribuiscono nei nuovi casi in quanto già conteggiati   
2020-07-01T17:00:00 ITA 06 Friuli_Venezia_Giulia 45.6494354 13.76813649 6 0 6 50 56 11 4 2911 345 3311 1 3312 192106 107364    
2020-07-02T17:00:00 ITA 06 Friuli_Venezia_Giulia 45.6494354 13.76813649 6 0 6 56 62 6 2 2907 345 3311 3 3314 194395 107907    
2020-07-03T17:00:00 ITA 06 Friuli_Venezia_Giulia 45.6494354 13.76813649 6 0 6 62 68 6 4 2905 345 3315 3 3318 196975 108444    
2020-07-04T17:00:00 ITA 06 Friuli_Venezia_Giulia 45.6494354 13.76813649 6 0 6 67 73 5 8 2908 345 3322 4 3326 199207 109076    
2020-07-05T17:00:00 ITA 06 Friuli_Venezia_Giulia 45.6494354 13.76813649 7 0 7 66 73 0 0 2908 345 3322 4 3326 199988 109389    
2020-07-06T17:00:00 ITA 06 Friuli_Venezia_Giulia 45.6494354 13.76813649 9 0 9 62 71 -2 0 2910 345 3322 4 3326 200651 109777 Il numero dei guariti è in diminuzione rispetto a ieri in quanto è stata rilevata una ripositivizzazione   
2020-07-07T17:00:00 ITA 06 Friuli_Venezia_Giulia 45.6494354 13.76813649 7 0 7 65 72 1 1 2910 345 3323 4 3327 202753 110428    
2020-07-08T17:00:00 ITA 06 Friuli_Venezia_Giulia 45.6494354 13.76813649 8 0 8 74 82 10 4 2904 345 3325 6 3331 204580 111069    
2020-07-09T17:00:00 ITA 06 Friuli_Venezia_Giulia 45.6494354 13.76813649 2 0 2 73 75 -7 1 2912 345 3326 6 3332 206808 111646    
2020-07-10T17:00:00 ITA 06 Friuli_Venezia_Giulia 45.6494354 13.76813649 2 0 2 76 78 3 1 2910 345 3327 6 3333 209161 112349    
2020-07-11T17:00:00 ITA 06 Friuli_Venezia_Giulia 45.6494354 13.76813649 1 0 1 78 79 1 2 2911 345 3328 7 3335 211002 112962    
2020-07-12T17:00:00 ITA 06 Friuli_Venezia_Giulia 45.6494354 13.76813649 2 0 2 77 79 0 0 2911 345 3328 7 3335 212196 113699    
2020-07-13T17:00:00 ITA 06 Friuli_Venezia_Giulia 45.6494354 13.76813649 3 0 3 77 80 1 0 2910 345 3328 7 3335 212714 113993    
2020-07-14T17:00:00 ITA 06 Friuli_Venezia_Giulia 45.6494354 13.76813649 4 0 4 82 86 6 3 2907 345 3331 7 3338 214706 114618    
2020-07-15T17:00:00 ITA 06 Friuli_Venezia_Giulia 45.6494354 13.76813649 5 0 5 88 93 7 1 2901 345 3332 7 3339 217376 115345    
2020-07-16T17:00:00 ITA 06 Friuli_Venezia_Giulia 45.6494354 13.76813649 7 0 7 90 97 4 4 2901 345 3336 7 3343 219943 116013    
2020-07-17T17:00:00 ITA 06 Friuli_Venezia_Giulia 45.6494354 13.76813649 7 0 7 89 96 -1 3 2905 345 3339 7 3346 222778 116622    
2020-07-18T17:00:00 ITA 06 Friuli_Venezia_Giulia 45.6494354 13.76813649 7 0 7 92 99 3 4 2906 345 3343 7 3350 224856 117057    
2020-07-19T17:00:00 ITA 06 Friuli_Venezia_Giulia 45.6494354 13.76813649 7 0 7 89 96 -3 2 2911 345 3345 7 3352 226187 117551    
2020-07-20T17:00:00 ITA 06 Friuli_Venezia_Giulia 45.6494354 13.76813649 7 0 7 92 99 3 4 2912 345 3346 10 3356 227019 118033    
2020-07-21T17:00:00 ITA 06 Friuli_Venezia_Giulia 45.6494354 13.76813649 7 0 7 92 99 0 2 2914 345 3346 12 3358 229633 118838    
2020-07-22T17:00:00 ITA 06 Friuli_Venezia_Giulia 45.6494354 13.76813649 8 0 8 90 98 -1 2 2917 345 3347 13 3360 232099 119547    
2020-07-23T17:00:00 ITA 06 Friuli_Venezia_Giulia 45.6494354 13.76813649 7 1 8 89 97 -1 3 2921 345 3349 14 3363 234588 120339    
2020-07-24T17:00:00 ITA 06 Friuli_Venezia_Giulia 45.6494354 13.76813649 9 2 11 87 98 1 5 2925 345 3354 14 3368 237371 121040    
2020-07-25T17:00:00 ITA 06 Friuli_Venezia_Giulia 45.6494354 13.76813649 8 2 10 93 103 5 5 2925 345 3359 14 3373 239572 121861    
2020-07-26T17:00:00 ITA 06 Friuli_Venezia_Giulia 45.6494354 13.76813649 9 2 11 94 105 2 2 2925 345 3361 14 3375 240424 122167    
2020-07-27T17:00:00 ITA 06 Friuli_Venezia_Giulia 45.6494354 13.76813649 8 2 10 102 112 7 0 2918 345 3361 14 3375 241291 122564    
2020-07-28T17:00:00 ITA 06 Friuli_Venezia_Giulia 45.6494354 13.76813649 7 2 9 103 112 0 0 2918 345 3361 14 3375 243893 123405    
2020-07-29T17:00:00 ITA 06 Friuli_Venezia_Giulia 45.6494354 13.76813649 8 2 10 102 112 0 3 2921 345 3364 14 3378 246256 124140    
2020-07-30T17:00:00 ITA 06 Friuli_Venezia_Giulia 45.6494354 13.76813649 9 2 11 111 122 10 13 2924 345 3376 15 3391 249091 124938    
2020-07-31T17:00:00 ITA 06 Friuli_Venezia_Giulia 45.6494354 13.76813649 9 2 11 111 122 0 3 2927 345 3377 17 3394 251621 125634    
2020-08-01T17:00:00 ITA 06 Friuli_Venezia_Giulia 45.6494354 13.76813649 8 3 11 118 129 7 7 2927 345 3380 21 3401 254163 126425    
2020-08-02T17:00:00 ITA 06 Friuli_Venezia_Giulia 45.6494354 13.76813649 9 3 12 125 137 8 10 2929 345 3382 29 3411 255780 126943    
2020-08-03T17:00:00 ITA 06 Friuli_Venezia_Giulia 45.6494354 13.76813649 9 3 12 124 136 -1 0 2929 346 3388 23 3411 256348 127228 "Durante una verifica interna sulla correttezza e completezza dei dati relativi a COVID-19  sono emersi un decesso occorso in data 22/06 non precedentemente comunicato e 6 casi positivi indicati come casi da screening  in realtà casi da sospetto diagnostico. Si correggono quindi sia il totale dei decessi sia la distribuzione dei casi nelle categorie ""Casi da sospetto diagnostico"" e ""Casi da screening""."   
2020-08-04T17:00:00 ITA 06 Friuli_Venezia_Giulia 45.6494354 13.76813649 7 2 9 129 138 2 5 2932 346 3391 25 3416 258647 127931    
2020-08-05T17:00:00 ITA 06 Friuli_Venezia_Giulia 45.6494354 13.76813649 8 2 10 137 147 9 9 2932 346 3400 25 3425 261538 128698    
2020-08-06T17:00:00 ITA 06 Friuli_Venezia_Giulia 45.6494354 13.76813649 11 2 13 140 153 6 7 2933 346 3404 28 3432 263885 129283    
2020-08-07T17:00:00 ITA 06 Friuli_Venezia_Giulia 45.6494354 13.76813649 13 3 16 139 155 2 4 2935 346 3407 29 3436 266031 129930    
2020-08-08T17:00:00 ITA 06 Friuli_Venezia_Giulia 45.6494354 13.76813649 11 3 14 146 160 5 6 2936 346 3413 29 3442 267861 130500    
2020-08-09T17:00:00 ITA 06 Friuli_Venezia_Giulia 45.6494354 13.76813649 11 3 14 152 166 6 7 2937 346 3418 31 3449 269138 131023    
2020-08-10T17:00:00 ITA 06 Friuli_Venezia_Giulia 45.6494354 13.76813649 10 3 13 151 164 -2 0 2938 347 3418 31 3449 269791 131332    
2020-08-11T17:00:00 ITA 06 Friuli_Venezia_Giulia 45.6494354 13.76813649 8 3 11 145 156 -8 3 2948 348 3420 32 3452 272158 132027 "A seguito di una verifica interna sulla correttezza dei dati relativi a COVID-19  è emerso un decesso occorso in data 12/07 non precedentemente comunicato. Si corregge quindi il totale dei decessi"   
2020-08-12T17:00:00 ITA 06 Friuli_Venezia_Giulia 45.6494354 13.76813649 7 3 10 154 164 8 9 2949 348 3428 33 3461 274643 132663    
2020-08-13T17:00:00 ITA 06 Friuli_Venezia_Giulia 45.6494354 13.76813649 7 3 10 166 176 12 15 2952 348 3434 42 3476 277160 133284    
2020-08-14T17:00:00 ITA 06 Friuli_Venezia_Giulia 45.6494354 13.76813649 3 3 6 177 183 7 8 2953 348 3442 42 3484 279382 133870    
2020-08-15T17:00:00 ITA 06 Friuli_Venezia_Giulia 45.6494354 13.76813649 2 3 5 184 189 6 15 2962 348 3455 44 3499 282722 134780    
2020-08-16T17:00:00 ITA 06 Friuli_Venezia_Giulia 45.6494354 13.76813649 3 3 6 190 196 7 8 2963 348 3463 44 3507 283774 135467    
2020-08-17T17:00:00 ITA 06 Friuli_Venezia_Giulia 45.6494354 13.76813649 6 3 9 192 201 5 5 2963 348 3466 46 3512 284959 136278    
2020-08-18T17:00:00 ITA 06 Friuli_Venezia_Giulia 45.6494354 13.76813649 5 3 8 196 204 3 10 2970 348 3471 51 3522 288238 137468    
2020-08-19T17:00:00 ITA 06 Friuli_Venezia_Giulia 45.6494354 13.76813649 7 3 10 200 210 6 11 2975 348 3477 56 3533 292632 139117    
2020-08-20T17:00:00 ITA 06 Friuli_Venezia_Giulia 45.6494354 13.76813649 9 3 12 210 222 12 14 2977 348 3485 62 3547 296072 140671    
2020-08-21T17:00:00 ITA 06 Friuli_Venezia_Giulia 45.6494354 13.76813649 9 2 11 232 243 21 36 2992 348 3503 80 3583 299230 141840    
2020-08-22T17:00:00 ITA 06 Friuli_Venezia_Giulia 45.6494354 13.76813649 9 2 11 261 272 29 33 2996 348 3530 86 3616 302592 143300    
2020-08-23T17:00:00 ITA 06 Friuli_Venezia_Giulia 45.6494354 13.76813649 10 2 12 279 291 19 24 3001 348 3552 88 3640 305157 144651    
2020-08-24T17:00:00 ITA 06 Friuli_Venezia_Giulia 45.6494354 13.76813649 11 2 13 278 291 0 2 3003 348 3554 88 3642 306058 145196    
2020-08-25T17:00:00 ITA 06 Friuli_Venezia_Giulia 45.6494354 13.76813649 13 2 15 283 298 7 9 3005 348 3561 90 3651 307466 145371    
2020-08-26T17:00:00 ITA 06 Friuli_Venezia_Giulia 45.6494354 13.76813649 14 0 14 307 321 23 33 3015 348 3583 101 3684 312975 147690    
2020-08-27T17:00:00 ITA 06 Friuli_Venezia_Giulia 45.6494354 13.76813649 13 0 13 322 335 14 25 3026 348 3599 110 3709 316478 149088    
2020-08-28T17:00:00 ITA 06 Friuli_Venezia_Giulia 45.6494354 13.76813649 13 0 13 334 347 12 19 3033 348 3607 121 3728 318708 149961    
2020-08-29T17:00:00 ITA 06 Friuli_Venezia_Giulia 45.6494354 13.76813649 15 0 15 333 348 1 20 3052 348 3627 121 3748 323840 151497    
2020-08-30T17:00:00 ITA 06 Friuli_Venezia_Giulia 45.6494354 13.76813649 15 1 16 344 360 12 16 3056 348 3636 128 3764 325275 152158    
2020-08-31T17:00:00 ITA 06 Friuli_Venezia_Giulia 45.6494354 13.76813649 13 2 15 350 365 5 5 3056 348 3640 129 3769 325992 152510    
2020-09-01T17:00:00 ITA 06 Friuli_Venezia_Giulia 45.6494354 13.76813649 12 2 14 363 377 12 17 3061 348 3647 139 3786 328814 153624    
2020-09-02T17:00:00 ITA 06 Friuli_Venezia_Giulia 45.6494354 13.76813649 11 3 14 373 387 10 20 3070 349 3660 146 3806 332115 154882    
2020-09-03T17:00:00 ITA 06 Friuli_Venezia_Giulia 45.6494354 13.76813649 12 3 15 387 402 15 25 3080 349 3675 156 3831 335163 155933    
2020-09-04T17:00:00 ITA 06 Friuli_Venezia_Giulia 45.6494354 13.76813649 11 4 15 397 412 10 23 3093 349 3689 165 3854 338607 156816    
2020-09-05T17:00:00 ITA 06 Friuli_Venezia_Giulia 45.6494354 13.76813649 15 3 18 427 445 33 49 3109 349 3728 175 3903 341393 157947    
2020-09-06T17:00:00 ITA 06 Friuli_Venezia_Giulia 45.6494354 13.76813649 15 4 19 440 459 14 20 3115 349 3743 180 3923 342676 158395    
2020-09-07T17:00:00 ITA 06 Friuli_Venezia_Giulia 45.6494354 13.76813649 16 4 20 442 462 3 11 3123 349 3754 180 3934 344376 159063    
2020-09-08T17:00:00 ITA 06 Friuli_Venezia_Giulia 45.6494354 13.76813649 18 4 22 451 473 11 12 3124 349 3760 186 3946 346024 159635    
2020-09-09T17:00:00 ITA 06 Friuli_Venezia_Giulia 45.6494354 13.76813649 17 3 20 491 511 38 54 3140 349 3797 203 4000 349995 161026    
2020-09-10T17:00:00 ITA 06 Friuli_Venezia_Giulia 45.6494354 13.76813649 17 3 20 526 546 35 39 3144 349 3827 212 4039 352278 161912    
2020-09-11T17:00:00 ITA 06 Friuli_Venezia_Giulia 45.6494354 13.76813649 17 3 20 542 562 16 34 3162 349 3851 222 4073 355644 162976    
2020-09-12T17:00:00 ITA 06 Friuli_Venezia_Giulia 45.6494354 13.76813649 18 2 20 566 586 24 39 3177 349 3870 242 4112 358563 163837    
2020-09-13T17:00:00 ITA 06 Friuli_Venezia_Giulia 45.6494354 13.76813649 23 2 25 564 589 3 45 3219 349 3907 250 4157 360701 164825    
2020-09-14T17:00:00 ITA 06 Friuli_Venezia_Giulia 45.6494354 13.76813649 22 3 25 567 592 3 4 3220 349 3910 251 4161 361533 165276    
2020-09-15T17:00:00 ITA 06 Friuli_Venezia_Giulia 45.6494354 13.76813649 24 2 26 583 609 17 20 3223 349 3924 257 4181 363690 166049    
2020-09-16T17:00:00 ITA 06 Friuli_Venezia_Giulia 45.6494354 13.76813649 22 3 25 587 612 3 29 3249 349 3949 261 4210 367917 167456    
2020-09-17T17:00:00 ITA 06 Friuli_Venezia_Giulia 45.6494354 13.76813649 22 4 26 630 656 44 63 3268 349 3988 285 4273 371998 168808    
2020-09-18T17:00:00 ITA 06 Friuli_Venezia_Giulia 45.6494354 13.76813649 22 4 26 646 672 16 39 3291 349 4017 295 4312 375150 169788    
2020-09-19T17:00:00 ITA 06 Friuli_Venezia_Giulia 45.6494354 13.76813649 20 3 23 658 681 9 33 3314 350 4045 300 4345 378789 170885    
2020-09-20T17:00:00 ITA 06 Friuli_Venezia_Giulia 45.6494354 13.76813649 19 4 23 663 686 5 32 3341 350 4074 303 4377 380858 171811    
2020-09-21T17:00:00 ITA 06 Friuli_Venezia_Giulia 45.6494354 13.76813649 20 5 25 671 696 10 13 3344 350 4084 306 4390 381744 172262    
2020-09-22T17:00:00 ITA 06 Friuli_Venezia_Giulia 45.6494354 13.76813649 21 5 26 677 703 7 14 3351 350 4092 312 4404 384040 173067    
2020-09-23T17:00:00 ITA 06 Friuli_Venezia_Giulia 45.6494354 13.76813649 16 6 22 688 710 7 57 3401 350 4136 325 4461 388810 174659    
2020-09-24T17:00:00 ITA 06 Friuli_Venezia_Giulia 45.6494354 13.76813649 21 6 27 680 707 -3 28 3432 350 4158 331 4489 391844 175810    
2020-09-25T17:00:00 ITA 06 Friuli_Venezia_Giulia 45.6494354 13.76813649 17 6 23 690 713 6 37 3463 350 4192 334 4526 395743 177070    
2020-09-26T17:00:00 ITA 06 Friuli_Venezia_Giulia 45.6494354 13.76813649 18 6 24 694 718 5 54 3512 350 4240 340 4580 400218 178499    
2020-09-27T17:00:00 ITA 06 Friuli_Venezia_Giulia 45.6494354 13.76813649 18 6 24 696 720 2 28 3537 351 4259 349 4608 402562 179595    
2020-09-28T17:00:00 ITA 06 Friuli_Venezia_Giulia 45.6494354 13.76813649 18 6 24 697 721 1 2 3538 351 4261 349 4610 403262 179938    
2020-09-29T17:00:00 ITA 06 Friuli_Venezia_Giulia 45.6494354 13.76813649 21 6 27 697 724 3 28 3563 351 4286 352 4638 406238 180925    
2020-09-30T17:00:00 ITA 06 Friuli_Venezia_Giulia 45.6494354 13.76813649 19 6 25 693 718 -6 28 3597 351 4314 352 4666 409780 182145    
2020-10-01T17:00:00 ITA 06 Friuli_Venezia_Giulia 45.6494354 13.76813649 20 4 24 735 759 41 57 3613 351 4355 368 4723 414092 183898    
2020-10-02T17:00:00 ITA 06 Friuli_Venezia_Giulia 45.6494354 13.76813649 18 2 20 773 793 34 66 3643 353 4412 377 4789 418775 185748    
2020-10-03T17:00:00 ITA 06 Friuli_Venezia_Giulia 45.6494354 13.76813649 17 5 22 806 828 35 51 3659 353 4458 382 4840 422675 187109    
2020-10-04T17:00:00 ITA 06 Friuli_Venezia_Giulia 45.6494354 13.76813649 18 5 23 828 851 23 50 3686 353 4503 387 4890 425043 188339    
2020-10-05T17:00:00 ITA 06 Friuli_Venezia_Giulia 45.6494354 13.76813649 23 5 28 840 868 17 21 3690 353 4519 392 4911 426195 188881    
2020-10-06T17:00:00 ITA 06 Friuli_Venezia_Giulia 45.6494354 13.76813649 24 5 29 879 908 40 51 3699 355 4564 398 4962 429243 190029    
2020-10-07T17:00:00 ITA 06 Friuli_Venezia_Giulia 45.6494354 13.76813649 26 6 32 913 945 37 72 3734 355 4632 402 5034 434417 192089    
2020-10-08T17:00:00 ITA 06 Friuli_Venezia_Giulia 45.6494354 13.76813649 23 6 29 991 1020 75 110 3769 355 4732 412 5144 439370 194340    
2020-10-09T17:00:00 ITA 06 Friuli_Venezia_Giulia 45.6494354 13.76813649 23 6 29 1112 1141 121 146 3794 355 4853 437 5290 443677 195965    
2020-10-10T17:00:00 ITA 06 Friuli_Venezia_Giulia 45.6494354 13.76813649 23 6 29 1215 1244 103 126 3817 355 4976 440 5416 447946 197963    
2020-10-11T17:00:00 ITA 06 Friuli_Venezia_Giulia 45.6494354 13.76813649 22 5 27 1296 1323 79 97 3834 356 5071 442 5513 449640 198763    
2020-10-12T17:00:00 ITA 06 Friuli_Venezia_Giulia 45.6494354 13.76813649 22 5 27 1345 1372 49 59 3844 356 5130 442 5572 451336 199799    
2020-10-13T17:00:00 ITA 06 Friuli_Venezia_Giulia 45.6494354 13.76813649 27 10 37 1367 1404 32 38 3850 356 5165 445 5610 454083 200782    
2020-10-14T17:00:00 ITA 06 Friuli_Venezia_Giulia 45.6494354 13.76813649 28 11 39 1515 1554 150 182 3882 356 5344 448 5792 460113 203239    
2020-10-15T17:00:00 ITA 06 Friuli_Venezia_Giulia 45.6494354 13.76813649 32 11 43 1604 1647 93 136 3923 358 5472 456 5928 465140 205301    
2020-10-16T17:00:00 ITA 06 Friuli_Venezia_Giulia 45.6494354 13.76813649 45 12 57 1742 1799 152 165 3935 359 5622 471 6093 470467 206998    
2020-10-17T17:00:00 ITA 06 Friuli_Venezia_Giulia 45.6494354 13.76813649 49 13 62 1877 1939 140 167 3962 359 5782 478 6260 474807 208471    
2020-10-18T17:00:00 ITA 06 Friuli_Venezia_Giulia 45.6494354 13.76813649 56 14 70 2011 2081 142 155 3973 361 5927 488 6415 477102 209531    
2020-10-19T17:00:00 ITA 06 Friuli_Venezia_Giulia 45.6494354 13.76813649 62 13 75 2093 2168 87 90 3973 364 6017 488 6505 478383 210178    
2020-10-20T17:00:00 ITA 06 Friuli_Venezia_Giulia 45.6494354 13.76813649 65 14 79 1853 1932 -236 131 4338 366 6115 521 6636 482298 211397    
2020-10-21T17:00:00 ITA 06 Friuli_Venezia_Giulia 45.6494354 13.76813649 76 16 92 2014 2106 174 219 4382 367 6306 549 6855 486925 212729    
2020-10-22T17:00:00 ITA 06 Friuli_Venezia_Giulia 45.6494354 13.76813649 83 14 97 2128 2225 119 220 4482 368 6490 585 7075 492435 214444    
2020-10-23T17:00:00 ITA 06 Friuli_Venezia_Giulia 45.6494354 13.76813649 88 19 107 2370 2477 252 340 4569 369 6792 623 7415 497736 216003    
2020-10-24T17:00:00 ITA 06 Friuli_Venezia_Giulia 45.6494354 13.76813649 100 16 116 2660 2776 299 412 4679 372 7112 715 7827 504257 218014    
2020-10-25T17:00:00 ITA 06 Friuli_Venezia_Giulia 45.6494354 13.76813649 112 23 135 2892 3027 251 334 4760 374 7375 786 8161 508057 219485    
2020-10-26T17:00:00 ITA 06 Friuli_Venezia_Giulia 45.6494354 13.76813649 119 27 146 3139 3285 258 334 4833 377 7686 809 8495 511144 220578    
2020-10-27T17:00:00 ITA 06 Friuli_Venezia_Giulia 45.6494354 13.76813649 139 31 170 3275 3445 160 241 4913 378 7886 850 8736 515566 222085    
2020-10-28T17:00:00 ITA 06 Friuli_Venezia_Giulia 45.6494354 13.76813649 146 35 181 3551 3732 287 406 5028 382 8208 934 9142 521139 223790    
2020-10-29T17:00:00 ITA 06 Friuli_Venezia_Giulia 45.6494354 13.76813649 152 34 186 3922 4108 376 468 5115 387 8609 1001 9610 526798 225536    
2020-10-30T17:00:00 ITA 06 Friuli_Venezia_Giulia 45.6494354 13.76813649 161 35 196 4339 4535 427 505 5186 394 9019 1096 10115 532815 227470    
2020-10-31T17:00:00 ITA 06 Friuli_Venezia_Giulia 45.6494354 13.76813649 167 36 203 4929 5132 597 726 5312 397 9630 1211 10841 539077 229633    
2020-11-01T17:00:00 ITA 06 Friuli_Venezia_Giulia 45.6494354 13.76813649 180 38 218 5158 5376 244 403 5470 398 9981 1263 11244 542817 230864    
2020-11-02T17:00:00 ITA 06 Friuli_Venezia_Giulia 45.6494354 13.76813649 179 37 216 5337 5553 177 218 5506 403 10146 1316 11462 545374 231668    
2020-11-03T17:00:00 ITA 06 Friuli_Venezia_Giulia 45.6494354 13.76813649 205 39 244 5514 5758 205 366 5659 411 10476 1352 11828 550607 233148    
2020-11-04T17:00:00 ITA 06 Friuli_Venezia_Giulia 45.6494354 13.76813649 215 40 255 5726 5981 223 436 5869 414 10807 1457 12264 555640 234748    
2020-11-05T17:00:00 ITA 06 Friuli_Venezia_Giulia 45.6494354 13.76813649 268 44 312 6067 6379 398 546 6008 423 11257 1553 12810 561085 236298    
2020-11-06T17:00:00 ITA 06 Friuli_Venezia_Giulia 45.6494354 13.76813649 260 44 304 6451 6755 376 542 6162 435 11675 1677 13352 567637 238032    
2020-11-07T17:00:00 ITA 06 Friuli_Venezia_Giulia 45.6494354 13.76813649 286 45 331 7029 7360 605 872 6422 442 12386 1838 14224 576329 240788    
2020-11-08T17:00:00 ITA 06 Friuli_Venezia_Giulia 45.6494354 13.76813649 301 45 346 7295 7641 281 504 6636 451 12787 1941 14728 580815 242297    
2020-11-09T17:00:00 ITA 06 Friuli_Venezia_Giulia 45.6494354 13.76813649 319 46 365 7467 7832 191 320 6760 456 13080 1968 15048 583139 243252    
2020-11-10T17:00:00 ITA 06 Friuli_Venezia_Giulia 45.6494354 13.76813649 336 47 383 7458 7841 9 482 7213 476 13482 2048 15530 589577 245027    
2020-11-11T17:00:00 ITA 06 Friuli_Venezia_Giulia 45.6494354 13.76813649 346 46 392 7773 8165 324 572 7448 489 13960 2142 16102 595748 246668    
2020-11-12T17:00:00 ITA 06 Friuli_Venezia_Giulia 45.6494354 13.76813649 346 47 393 8254 8647 482 838 7795 498 14675 2265 16940 603277 248809    
2020-11-13T17:00:00 ITA 06 Friuli_Venezia_Giulia 45.6494354 13.76813649 366 47 413 8738 9151 504 831 8114 506 15378 2393 17771 610398 250805    
2020-11-14T17:00:00 ITA 06 Friuli_Venezia_Giulia 45.6494354 13.76813649 378 45 423 9106 9529 378 558 8284 516 15816 2513 18329 615669 252095    
2020-11-15T17:00:00 ITA 06 Friuli_Venezia_Giulia 45.6494354 13.76813649 401 43 444 9483 9927 398 608 8482 528 16278 2659 18937 620174 253332    
2020-11-16T17:00:00 ITA 06 Friuli_Venezia_Giulia 45.6494354 13.76813649 407 47 454 9601 10055 128 456 8792 546 16657 2736 19393 623585 254630    
2020-11-17T17:00:00 ITA 06 Friuli_Venezia_Giulia 45.6494354 13.76813649 454 44 498 9923 10421 366 536 8952 556 17057 2872 19929 629511 255770    
2020-11-18T17:00:00 ITA 06 Friuli_Venezia_Giulia 45.6494354 13.76813649 470 49 519 10235 10754 333 796 9404 567 17665 3060 20725 636812 257516 La comunicazione include 54 casi censiti dal 28 ottobre al 12 novembre e recuperati dal flusso informativo proveniente dai laboratori privati   
2020-11-19T17:00:00 ITA 06 Friuli_Venezia_Giulia 45.6494354 13.76813649 485 48 533 11112 11645 891 1197 9697 580 18558 3364 21922 643492 259446 A seguito delle comunicazioni pervenute dai laboratori privati i nuovi casi includono 196 positività comprese nel periodo dal 28 ottobre al 15 novembre   
2020-11-20T17:00:00 ITA 06 Friuli_Venezia_Giulia 45.6494354 13.76813649 505 54 559 11616 12175 530 1018 10157 608 19425 3515 22940 651014 261532 I nuovi casi di oggi includono 85 casi registrati dai laboratori privati fra il 29 ottobre e il 14 novembre   
2020-11-21T17:00:00 ITA 06 Friuli_Venezia_Giulia 45.6494354 13.76813649 509 55 564 12193 12757 582 1043 10593 633 20317 3666 23983 658272 263440 Nei casi odierni sono compresi 88 casi registrati oggi a sistema dal flusso dati dei laboratori privati (date di prelievo comprese fra il 27 ottobre e 17 novembre)   
2020-11-22T17:00:00 ITA 06 Friuli_Venezia_Giulia 45.6494354 13.76813649 545 56 601 12450 13051 294 675 10961 646 20886 3772 24658 664296 264942 I nuovi casi di oggi includono 109 casi da laboratori privati di cui 67 compresi nel periodo dal 4 al 18 novembre   
2020-11-23T17:00:00 ITA 06 Friuli_Venezia_Giulia 45.6494354 13.76813649 565 55 620 12585 13205 154 377 11157 673 21232 3803 25035 667212 265792 I nuovi casi di oggi comprendono 70 positività rilevate da laboratori privati nel periodo 9-21 novembre   
2020-11-24T17:00:00 ITA 06 Friuli_Venezia_Giulia 45.6494354 13.76813649 561 54 615 12732 13347 142 554 11543 699 21716 3873 25589 673076 267036 I nuovi casi di oggi includono 117 casi positivi registrati dai laboratori privati dal 21 ottobre al 21 novembre   
2020-11-25T17:00:00 ITA 06 Friuli_Venezia_Giulia 45.6494354 13.76813649 588 54 642 12894 13536 189 696 12034 715 22310 3975 26285 679986 268850 I casi di oggi riportano 55 positività da laboratori privati comprese nel periodo 5-23 novembre    
2020-11-26T17:00:00 ITA 06 Friuli_Venezia_Giulia 45.6494354 13.76813649 599 55 654 13168 13822 286 814 12536 741 23010 4089 27099 687612 270753 I casi di oggi riportano 104 positività da laboratori privati nel periodo 11-24 novembre   
2020-11-27T17:00:00 ITA 06 Friuli_Venezia_Giulia 45.6494354 13.76813649 594 55 649 13606 14255 433 864 12932 776 23771 4192 27963 694896 272700    
2020-11-28T17:00:00 ITA 06 Friuli_Venezia_Giulia 45.6494354 13.76813649 604 53 657 13339 13996 -259 1432 14598 801 25140 4255 29395 709897 278729 "A seguito del rilascio da parte di Insiel S.p.A. del portale per l’inserimento degli esiti dei tamponi molecolari eseguiti presso laboratori privati  si è resa necessaria l’integrazione con la base dati relativa ai tamponi molecolari processati presso laboratori del SSR. Pertanto  i dati comunicati in data odierna comprendono una quota di dato corrente (relativo alla settimana 23-29 novembre)  ed una quota di dato pregresso (1 ottobre-22 novembre)  come di seguito specificato: Nuovi casi positivi 1432. Dato corrente 1184 (946 da laboratori SSR e 238 da laboratori privati). Dato pregresso 248 (laboratori privati).    Incremento persone testate: 6029. Dato corrente 4432 (2276 da laboratori SSR e 2156 da laboratori privati). Dato pregresso 1597 (laboratori privati). Incremento tamponi: 15001. Dato corrente 9453 (7030 da laboratori SSR e 2423 da laboratori privati). Dato pregresso 5548 (laboratori privati).   "   
2020-11-29T17:00:00 ITA 06 Friuli_Venezia_Giulia 45.6494354 13.76813649 620 57 677 13632 14309 313 680 14949 817 25753 4322 30075 713195 280065    
2020-11-30T17:00:00 ITA 06 Friuli_Venezia_Giulia 45.6494354 13.76813649 633 55 688 13827 14515 206 575 15297 838 26263 4387 30650 720175 281701    
2020-12-01T17:00:00 ITA 06 Friuli_Venezia_Giulia 45.6494354 13.76813649 637 62 699 13769 14468 -47 736 16055 863 26880 4506 31386 727045 284047    
2020-12-02T17:00:00 ITA 06 Friuli_Venezia_Giulia 45.6494354 13.76813649 652 58 710 13983 14693 225 812 16616 889 27620 4578 32198 734865 286147    
2020-12-03T17:00:00 ITA 06 Friuli_Venezia_Giulia 45.6494354 13.76813649 629 59 688 14195 14883 190 772 17146 941 0 0 32970 744835 290494  7  
2020-12-04T17:00:00 ITA 06 Friuli_Venezia_Giulia 45.6494354 13.76813649 632 59 691 14482 15173 290 1040 17860 977   34010 754205 293200  7  
2020-12-05T17:00:00 ITA 06 Friuli_Venezia_Giulia 45.6494354 13.76813649 640 58 698 14366 15064 -109 755 18693 1008   34765 762058 295536  4  
2020-12-06T17:00:00 ITA 06 Friuli_Venezia_Giulia 45.6494354 13.76813649 652 59 711 14320 15031 -33 702 19401 1035   35467 768285 296752  7  
2020-12-07T17:00:00 ITA 06 Friuli_Venezia_Giulia 45.6494354 13.76813649 665 58 723 14146 14869 -162 359 19898 1059   35826 772266 298472  2  
2020-12-08T17:00:00 ITA 06 Friuli_Venezia_Giulia 45.6494354 13.76813649 658 64 722 14155 14877 8 658 20518 1089   36484 778693 300223  8  
2020-12-09T17:00:00 ITA 06 Friuli_Venezia_Giulia 45.6494354 13.76813649 663 63 726 14229 14955 78 633 21040 1122   37117 783883 301832  5  
2020-12-10T17:00:00 ITA 06 Friuli_Venezia_Giulia 45.6494354 13.76813649 652 62 714 13481 14195 -760 672 22430 1164   37789 792239 303968  5  
2020-12-11T17:00:00 ITA 06 Friuli_Venezia_Giulia 45.6494354 13.76813649 644 63 707 13528 14235 40 843 23210 1187   38632 800671 306150  8  
2020-12-12T17:00:00 ITA 06 Friuli_Venezia_Giulia 45.6494354 13.76813649 654 59 713 13642 14355 120 884 23946 1215   39516 809115 306882  8  
2020-12-13T17:00:00 ITA 06 Friuli_Venezia_Giulia 45.6494354 13.76813649 655 60 715 13458 14173 -182 573 24683 1233   40089 815900 310500  3  
2020-12-14T17:00:00 ITA 06 Friuli_Venezia_Giulia 45.6494354 13.76813649 660 58 718 13370 14088 -85 402 25156 1247   40491 819153 311349  0  
2020-12-15T17:00:00 ITA 06 Friuli_Venezia_Giulia 45.6494354 13.76813649 654 56 710 13229 13939 -149 829 26082 1299   41320 828919 315194  3  
2020-12-16T17:00:00 ITA 06 Friuli_Venezia_Giulia 45.6494354 13.76813649 634 54 688 13063 13751 -188 779 27009 1339   42099 837745 317196  7  
2020-12-17T17:00:00 ITA 06 Friuli_Venezia_Giulia 45.6494354 13.76813649 630 57 687 12534 13221 -530 707 28219 1366   42806 846841 319134  9  
2020-12-18T17:00:00 ITA 06 Friuli_Venezia_Giulia 45.6494354 13.76813649 601 59 660 13091 13751 530 753 28409 1399   43559 854622 319134  6 "per problemi tecnici i dati comunicati oggi sono parziali  i dati mancanti saranno riportati nelle comunicazioni successive" 
2020-12-19T17:00:00 ITA 06 Friuli_Venezia_Giulia 45.6494354 13.76813649 594 55 649 12831 13480 -271 974 29645 1408   44533 864718 323999  2  
2020-12-20T17:00:00 ITA 06 Friuli_Venezia_Giulia 45.6494354 13.76813649 602 55 657 12605 13262 -218 658 30500 1429   45191 870866 325867  6  
2020-12-21T17:00:00 ITA 06 Friuli_Venezia_Giulia 45.6494354 13.76813649 607 56 663 12584 13247 -15 244 30744 1444   45435 873224 326689  3  
2020-12-22T17:00:00 ITA 06 Friuli_Venezia_Giulia 45.6494354 13.76813649 598 57 655 12561 13216 -31 549 31291 1477   45984 880631 328586 "In attesa di ulteriori indicazioni dal Ministero della Salute  i dati relativi a: totale casi positivi  isolamenti  ricoverati TI  ricoverati NON TI e deceduti  includono anche eventuali soggetti con test antigenico rapido positivo" 7  
2020-12-23T17:00:00 ITA 06 Friuli_Venezia_Giulia 45.6494354 13.76813649 595 56 651 11624 12275 -941 512 32110 1499   45884 887279 330123 "Su indicazione del Ministero della Salute relativamente ai casi positivi da tampone antigenico rapido  il totale dei casi positivi è stato rivisto e considera le sole positività da tampone antigenico rapido successivamente confermate da tampone molecolare." 6 "Su indicazione del Ministero della Salute  il totale dei casi positivi da tamponi antigenici include i soli positivi per i quali non vi sia ancora evidenza di conferma con tampone molecolare" 
2020-12-24T17:00:00 ITA 06 Friuli_Venezia_Giulia 45.6494354 13.76813649 582 56 638 11464 12102 -173 831 33099 1514   46715 898714 332699  4  
2020-12-25T17:00:00 ITA 06 Friuli_Venezia_Giulia 45.6494354 13.76813649 572 54 626 11458 12084 -18 584 33681 1534   47299 904549 334240  4  
2020-12-26T17:00:00 ITA 06 Friuli_Venezia_Giulia 45.6494354 13.76813649 587 56 643 11482 12125 41 224 33849 1549   47523 906413 334858  5  
2020-12-27T17:00:00 ITA 06 Friuli_Venezia_Giulia 45.6494354 13.76813649 626 58 684 11506 12190 65 144 33913 1564   47667 907700 335221  4  
2020-12-28T17:00:00 ITA 06 Friuli_Venezia_Giulia 45.6494354 13.76813649 645 56 701 11411 12112 -78 187 34151 1591   47854 909588 335797  9  
2020-12-29T17:00:00 ITA 06 Friuli_Venezia_Giulia 45.6494354 13.76813649 655 60 715 11062 11777 -335 493 34958 1612   48347 916889 337351  7  
2020-12-30T17:00:00 ITA 06 Friuli_Venezia_Giulia 45.6494354 13.76813649 641 59 700 10947 11647 -130 803 35876 1627   49150 924819 338891  5  "A seguito della periodica verifica dei casi segnalati  182 casi già positivi al tampone antigenico sono risultati poi positivi al tampone molecolare e pertanto  in data odierna  vengono sottratti dal totale dei positivi al tampone antigenico ed aggiunti all'incremento odierno dei positivi da tampone molecolare"""
2020-12-31T17:00:00 ITA 06 Friuli_Venezia_Giulia 45.6494354 13.76813649 645 62 707 11091 11798 151 877 36587 1642   50027 933082 341139  14  
2021-01-01T17:00:00 ITA 06 Friuli_Venezia_Giulia 45.6494354 13.76813649 647 63 710 11043 11753 -45 715 37320 1669   50742 940153 342937  11  
2021-01-02T17:00:00 ITA 06 Friuli_Venezia_Giulia 45.6494354 13.76813649 652 63 715 11132 11847 94 359 37567 1687   51101 942810 343713  4  
2021-01-03T17:00:00 ITA 06 Friuli_Venezia_Giulia 45.6494354 13.76813649 658 61 719 10930 11649 -198 200 37945 1707   51301 945021 344372  6  
2021-01-04T17:00:00 ITA 06 Friuli_Venezia_Giulia 45.6494354 13.76813649 663 63 726 10967 11693 44 281 38158 1731   51582 947459 345095  7  
2021-01-05T17:00:00 ITA 06 Friuli_Venezia_Giulia 45.6494354 13.76813649 657 59 716 11078 11794 101 688 38704 1772   52270 954564 346775  3  
2021-01-06T17:00:00 ITA 06 Friuli_Venezia_Giulia 45.6494354 13.76813649 649 62 711 11119 11830 36 606 39241 1805   52876 960944 348178  7  
2021-01-07T17:00:00 ITA 06 Friuli_Venezia_Giulia 45.6494354 13.76813649 661 64 725 11640 12365 535 671 39744 1834   53943 967089 349970 "A seguito della periodica verifica dei casi segnalati  396 casi già positivi al tampone antigenico sono risultati poi positivi al tampone molecolare e  pertanto  in data odierna  vengono sottratti dal totale dei positivi al tampone antigenico ed aggiunti al totale dei positivi da tampone molecolare" 6 "A seguito della periodica verifica dei casi segnalati  396 casi già positivi al tampone antigenico sono risultati poi positivi al tampone molecolare e  pertanto  in data odierna  vengono sottratti dal totale dei positivi al tampone antigenico ed aggiunti al totale dei positivi da tampone molecolare." 
2021-01-08T17:00:00 ITA 06 Friuli_Venezia_Giulia 45.6494354 13.76813649 671 64 735 11841 12576 211 633 40138 1862   54576 973526 351423  4  "A seguito della periodica verifica dei casi segnalati  50 casi già positivi al tampone antigenico sono risultati poi positivi al tampone molecolare e pertanto  in data odierna  vengono sottratti dal totale dei positivi al tampone antigenico ed aggiunti all'incremento dei positivi da tampone molecolare"
2021-01-09T17:00:00 ITA 06 Friuli_Venezia_Giulia 45.6494354 13.76813649 690 62 752 12138 12890 314 1015 40825 1876   55591 981950 353683 "123 casi già positivi al tampone antigenico sono risultati positivi al tampone molecolare e pertanto  in data odierna  vengono sottratti dal totale dei positivi al tampone antigenico ed aggiunti all'incremento dei positivi da tampone molecolare" 3  
2021-01-10T17:00:00 ITA 06 Friuli_Venezia_Giulia 45.6494354 13.76813649 703 64 767 12118 12885 -5 642 41450 1898   56233 986523 355337  7  "110 casi già positivi al tampone antigenico sono risultati poi positivi al tampone molecolare e pertanto  in data odierna  vengono sottratti dal totale dei positivi al tampone antigenico ed aggiunti all'incremento dei positivi da tampone molecolare"
2021-01-11T17:00:00 ITA 06 Friuli_Venezia_Giulia 45.6494354 13.76813649 688 67 755 12164 12919 34 361 41747 1928   56594 989014 356255  8  "52 casi già positivi al tampone antigenico sono risultati poi positivi al tampone molecolare e pertanto  in data odierna  vengono sottratti dal totale dei positivi al tampone antigenico ed aggiunti all'incremento dei positivi da tampone molecolare"
2021-01-12T17:00:00 ITA 06 Friuli_Venezia_Giulia 45.6494354 13.76813649 671 68 739 12179 12918 -1 647 42373 1950   57241 996728 358306 "61 casi già positivi al tampone antigenico sono risultati poi positivi al tampone molecolare e pertanto  in data odierna  vengono sottratti dal totale dei positivi al tampone antigenico ed aggiunti all'incremento dei positivi da tampone molecolare" 7  
2021-01-13T17:00:00 ITA 06 Friuli_Venezia_Giulia 45.6494354 13.76813649 665 69 734 12064 12798 -120 546 43008 1981   57787 1004009 359710 "79 casi già positivi al tampone antigenico sono risultati poi positivi al tampone molecolare e pertanto  in data odierna  vengono sottratti dal totale dei positivi al tampone antigenico ed aggiunti all'incremento dei positivi da tampone molecolare" 8  
2021-01-14T17:00:00 ITA 06 Friuli_Venezia_Giulia 45.6494354 13.76813649 668 68 736 12127 12863 65 805 43723 2006   58592 1011978 361869 "100 casi già positivi al tampone antigenico sono risultati poi positivi al tampone molecolare e pertanto  in data odierna  vengono sottratti dal totale dei positivi al tampone antigenico ed aggiunti all'incremento dei positivi da tampone molecolare" 5  
2021-01-15T17:00:00 ITA 06 Friuli_Venezia_Giulia 45.6494354 13.76813649 688 68 756 12123 12879 16 919 44597 2035   59511 1022612 365548  6   59290 221 1019603 3009 ITH ITH4
2021-01-16T17:00:00 ITA 06 Friuli_Venezia_Giulia 45.6494354 13.76813649 682 66 748 12235 12983 104 870 45328 2070   60381 1031793 368762  7   59961 420 1026760 5033 ITH ITH4
2021-01-17T17:00:00 ITA 06 Friuli_Venezia_Giulia 45.6494354 13.76813649 677 63 740 11998 12738 -245 385 45936 2092   60766 1036684 370840  3   60274 492 1030869 5815 ITH ITH4
2021-01-18T17:00:00 ITA 06 Friuli_Venezia_Giulia 45.6494354 13.76813649 680 63 743 11942 12685 -53 153 46121 2113   60919 1038677 371716  3   60394 525 1032465 6212 ITH ITH4
2021-01-19T17:00:00 ITA 06 Friuli_Venezia_Giulia 45.6494354 13.76813649 691 63 754 11831 12585 -100 454 46657 2131   61373 1049086 375814  4   60659 714 1039415 9671 ITH ITH4
2021-01-20T17:00:00 ITA 06 Friuli_Venezia_Giulia 45.6494354 13.76813649 693 58 751 11580 12331 -254 672 47557 2157   62045 1059906 382543  5   61123 922 1046980 12926 ITH ITH4
2021-01-21T17:00:00 ITA 06 Friuli_Venezia_Giulia 45.6494354 13.76813649 680 59 739 11441 12180 -151 657 48339 2183   62702 1069891 388963  5   61627 1075 1054797 15094 ITH ITH4
2021-01-22T17:00:00 ITA 06 Friuli_Venezia_Giulia 45.6494354 13.76813649 669 61 730 11360 12090 -90 452 48858 2206   63154 1077328 393779  6   61983 1171 1060923 16405 ITH ITH4
2021-01-23T17:00:00 ITA 06 Friuli_Venezia_Giulia 45.6494354 13.76813649 672 63 735 11163 11898 -192 679 49705 2230   63833 1087567 397725  5   62423 1410 1067967 19600 ITH ITH4
2021-01-24T17:00:00 ITA 06 Friuli_Venezia_Giulia 45.6494354 13.76813649 685 61 746 11010 11756 -142 505 50339 2243   64338 1093381 400117  2   62814 1524 1072528 20853 ITH ITH4
2021-01-25T17:00:00 ITA 06 Friuli_Venezia_Giulia 45.6494354 13.76813649 686 62 748 10825 11573 -183 181 50680 2266   64519 1095819 401023  7   62961 1558 1074648 21171 ITH ITH4
2021-01-26T17:00:00 ITA 06 Friuli_Venezia_Giulia 45.6494354 13.76813649 668 64 732 10758 11490 -83 421 51151 2299   64940 1104766 403830  5   63203 1737 1080754 24012 ITH ITH4
2021-01-27T17:00:00 ITA 06 Friuli_Venezia_Giulia 45.6494354 13.76813649 646 61 707 10685 11392 -98 584 51807 2325   65524 1115834 407208  3   63563 1961 1087473 28361 ITH ITH4
2021-01-28T17:00:00 ITA 06 Friuli_Venezia_Giulia 45.6494354 13.76813649 619 59 678 10682 11360 -32 642 52460 2346   66166 1124994 409877  3   64052 2114 1095097 29897 ITH ITH4
2021-01-29T17:00:00 ITA 06 Friuli_Venezia_Giulia 45.6494354 13.76813649 605 59 664 10707 11371 11 557 52988 2364   66723 1134427 412664  7   64445 2278 1101914 32513 ITH ITH4
2021-01-30T17:00:00 ITA 06 Friuli_Venezia_Giulia 45.6494354 13.76813649 596 57 653 10641 11294 -77 415 53466 2378   67138 1142473 415009  3   64737 2401 1107990 34483 ITH ITH4
2021-01-31T17:00:00 ITA 06 Friuli_Venezia_Giulia 45.6494354 13.76813649 590 60 650 10683 11333 39 396 53807 2394   67534 1146864 416815  8   65047 2487 1111452 35412 ITH ITH4
2021-02-01T17:00:00 ITA 06 Friuli_Venezia_Giulia 45.6494354 13.76813649 593 61 654 10655 11309 -24 129 53936 2418   67663 1148761 417547  10   65127 2536 1112860 35901 ITH ITH4
2021-02-02T17:00:00 ITA 06 Friuli_Venezia_Giulia 45.6494354 13.76813649 579 61 640 10586 11226 -83 258 54251 2444   67921 1154752 418885  8   65319 2602 1118072 36680 ITH ITH4
2021-02-03T17:00:00 ITA 06 Friuli_Venezia_Giulia 45.6494354 13.76813649 561 63 624 10556 11180 -46 692 54962 2471   68613 1166449 422735  5   65818 2795 1126574 39875 ITH ITH4
2021-02-04T17:00:00 ITA 06 Friuli_Venezia_Giulia 45.6494354 13.76813649 550 64 614 10647 11261 81 355 55217 2490   68968 1172232 424647  4   66070 2898 1130476 41756 ITH ITH4
2021-02-05T17:00:00 ITA 06 Friuli_Venezia_Giulia 45.6494354 13.76813649 536 65 601 10454 11055 -206 446 55837 2522   69414 1179534 427502  8   66382 3032 1135872 43662 ITH ITH4
2021-02-06T17:00:00 ITA 06 Friuli_Venezia_Giulia 45.6494354 13.76813649 533 63 596 10276 10872 -183 413 56408 2547   69827 1191476 432116  4   66691 3136 1141573 49903 ITH ITH4
2021-02-07T17:00:00 ITA 06 Friuli_Venezia_Giulia 45.6494354 13.76813649 521 63 584 10203 10787 -85 285 56764 2561   70112 1196172 433968  3   66912 3200 1145376 50796 ITH ITH4
2021-02-08T17:00:00 ITA 06 Friuli_Venezia_Giulia 45.6494354 13.76813649 527 63 590 10152 10742 -45 132 56907 2595   70244 1198414 434761  9   67018 3226 1147226 51188 ITH ITH4
2021-02-09T17:00:00 ITA 06 Friuli_Venezia_Giulia 45.6494354 13.76813649 501 66 567 9979 10546 -196 271 57364 2605   70515 1204993 437096  5   67202 3313 1151547 53446 ITH ITH4
2021-02-10T17:00:00 ITA 06 Friuli_Venezia_Giulia 45.6494354 13.76813649 481 65 546 9773 10319 -227 361 57938 2619   70876 1214627 440088  0   67448 3428 1158058 56569 ITH ITH4
2021-02-11T17:00:00 ITA 06 Friuli_Venezia_Giulia 45.6494354 13.76813649 457 66 523 9714 10237 -82 409 58389 2659   71285 1225100 442616  7   67743 3542 1166888 58212 ITH ITH4
2021-02-12T17:00:00 ITA 06 Friuli_Venezia_Giulia 45.6494354 13.76813649 440 64 504 9681 10185 -52 290 58719 2671   71575 1231738 444712  1   67929 3646 1171737 60001 ITH ITH4
2021-02-13T17:00:00 ITA 06 Friuli_Venezia_Giulia 45.6494354 13.76813649 425 60 485 9536 10021 -164 357 59229 2682   71932 1240999 447280  1   68195 3737 1178991 62008 ITH ITH4
2021-02-14T17:00:00 ITA 06 Friuli_Venezia_Giulia 45.6494354 13.76813649 414 61 475 9296 9771 -250 216 59684 2693   72148 1246637 449167  4   68369 3779 1182831 63806 ITH ITH4
2021-02-15T17:00:00 ITA 06 Friuli_Venezia_Giulia 45.6494354 13.76813649 412 63 475 9284 9759 -12 40 59724 2705   72188 1247709 449582  4   68395 3793 1183593 64116 ITH ITH4
2021-02-16T17:00:00 ITA 06 Friuli_Venezia_Giulia 45.6494354 13.76813649 396 60 456 9015 9471 -288 260 60262 2715   72448 1255791 452012  3   68570 3878 1189295 66496 ITH ITH4
2021-02-17T17:00:00 ITA 06 Friuli_Venezia_Giulia 45.6494354 13.76813649 384 59 443 8969 9412 -59 333 60647 2722   72781 1265663 454819  2   68822 3959 1196858 68805 ITH ITH4
2021-02-18T17:00:00 ITA 06 Friuli_Venezia_Giulia 45.6494354 13.76813649 361 58 419 8991 9410 -2 262 60900 2733   73043 1273548 457337  6   69019 4024 1202324 71224 ITH ITH4
2021-02-19T17:00:00 ITA 06 Friuli_Venezia_Giulia 45.6494354 13.76813649 349 56 405 8956 9361 -49 310 61244 2748   73353 1281941 459555  3   69247 4106 1208281 73660 ITH ITH4
2021-02-20T17:00:00 ITA 06 Friuli_Venezia_Giulia 45.6494354 13.76813649 348 60 408 8844 9252 -109 326 61671 2756   73679 1291733 462473  6   69463 4216 1214064 77669 ITH ITH4
2021-02-21T17:00:00 ITA 06 Friuli_Venezia_Giulia 45.6494354 13.76813649 350 57 407 8867 9274 22 284 61925 2764   73963 1296872 464049  5   69682 4281 1217526 79346 ITH ITH4
2021-02-22T17:00:00 ITA 06 Friuli_Venezia_Giulia 45.6494354 13.76813649 350 56 406 8885 9291 17 145 62042 2775   74108 1299729 464867  4   69796 4312 1219261 80468 ITH ITH4
2021-02-23T17:00:00 ITA 06 Friuli_Venezia_Giulia 45.6494354 13.76813649 353 57 410 8761 9171 -120 241 62386 2792   74349 1309050 467090  5   69948 4401 1224938 84112 ITH ITH4
2021-02-24T17:00:00 ITA 06 Friuli_Venezia_Giulia 45.6494354 13.76813649 345 58 403 8914 9317 146 503 62733 2802   74852 1318662 470238  7   70265 4587 1230850 87812 ITH ITH4
2021-02-25T17:00:00 ITA 06 Friuli_Venezia_Giulia 45.6494354 13.76813649 335 56 391 9249 9640 323 683 63078 2817   75535 1328704 473707  4   70714 4821 1237507 91197 ITH ITH4
2021-02-26T17:00:00 ITA 06 Friuli_Venezia_Giulia 45.6494354 13.76813649 348 56 404 9471 9875 235 468 63305 2823   76003 1337295 476513  6   71008 4995 1243380 93915 ITH ITH4
2021-02-27T17:00:00 ITA 06 Friuli_Venezia_Giulia 45.6494354 13.76813649 355 62 417 9568 9985 110 468 63652 2834   76471 1345374 479004  9   71335 5136 1249279 96095 ITH ITH4
2021-02-28T17:00:00 ITA 06 Friuli_Venezia_Giulia 45.6494354 13.76813649 361 61 422 9660 10082 97 341 63889 2841   76812 1349711 480845  6   71577 5235 1252420 97291 ITH ITH4
2021-03-01T17:00:00 ITA 06 Friuli_Venezia_Giulia 45.6494354 13.76813649 373 62 435 9727 10162 80 172 63978 2844   76984 1351758 481762  2   71722 5262 1254007 97751 ITH ITH4
2021-03-02T17:00:00 ITA 06 Friuli_Venezia_Giulia 45.6494354 13.76813649 380 61 441 9765 10206 44 479 64401 2856   77463 1361337 484934  5   72005 5458 1260123 101214 ITH ITH4
2021-03-03T17:00:00 ITA 06 Friuli_Venezia_Giulia 45.6494354 13.76813649 386 62 448 10107 10555 349 693 64735 2866   78156 1370182 488423  7   72492 5664 1266399 103783 ITH ITH4
2021-03-04T17:00:00 ITA 06 Friuli_Venezia_Giulia 45.6494354 13.76813649 392 63 455 10485 10940 385 643 64983 2876   78799 1379290 491899  4   72885 5914 1272378 106912 ITH ITH4
2021-03-05T17:00:00 ITA 06 Friuli_Venezia_Giulia 45.6494354 13.76813649 396 64 460 10933 11393 453 823 65341 2888   79622 1389420 495953  4   73460 6162 1279274 110146 ITH ITH4
2021-03-06T17:00:00 ITA 06 Friuli_Venezia_Giulia 45.6494354 13.76813649 409 63 472 11214 11686 293 661 65698 2899   80283 1399685 499211  8   73942 6341 1286424 113261 ITH ITH4
2021-03-07T17:00:00 ITA 06 Friuli_Venezia_Giulia 45.6494354 13.76813649 447 57 504 11344 11848 162 466 65991 2910   80749 1404463 501473  3   74218 6531 1289561 114902 ITH ITH4
2021-03-08T17:00:00 ITA 06 Friuli_Venezia_Giulia 45.6494354 13.76813649 457 58 515 11522 12037 189 415 66198 2929   81164 1408009 503160  9   74537 6627 1292378 115631 ITH ITH4
2021-03-09T17:00:00 ITA 06 Friuli_Venezia_Giulia 45.6494354 13.76813649 478 60 538 11672 12210 173 598 66609 2943   81762 1417187 505764  6   74888 6874 1298561 118626 ITH ITH4
2021-03-09T17:00:00 ITA 06 Friuli_Venezia_Giulia 45.6494354 13.76813649 478 60 538 11672 12210 173 598 66609 2943   81762 1417187 505764  6   74888 6874 1298561 118626 ITH ITH4
