data,stato,codice_regione,denominazione_regione,lat,long,ricoverati_con_sintomi,terapia_intensiva,totale_ospedalizzati,isolamento_domiciliare,totale_positivi,variazione_totale_positivi,nuovi_positivi,dimessi_guariti,deceduti,casi_da_sospetto_diagnostico,casi_da_screening,totale_casi,tamponi,casi_testati,note,ingressi_terapia_intensiva,note_test,note_casi
2020-02-24T18:00:00,ITA,15,Campania,40.83956555,14.25084984,0,0,0,0,0,0,0,0,0,,,0,10,,,,,
2020-02-25T18:00:00,ITA,15,Campania,40.83956555,14.25084984,0,0,0,0,0,0,0,0,0,,,0,10,,,,,
2020-02-26T18:00:00,ITA,15,Campania,40.83956555,14.25084984,0,0,0,0,0,0,0,0,0,,,0,10,,,,,
2020-02-27T18:00:00,ITA,15,Campania,40.83956555,14.25084984,2,0,2,1,3,3,3,0,0,,,3,10,,,,,
2020-02-28T18:00:00,ITA,15,Campania,40.83956555,14.25084984,2,0,2,2,4,1,1,0,0,,,4,213,,,,,
2020-02-29T17:00:00,ITA,15,Campania,40.83956555,14.25084984,3,0,3,10,13,9,9,0,0,,,13,373,,,,,
2020-03-01T17:00:00,ITA,15,Campania,40.83956555,14.25084984,4,0,4,13,17,4,4,0,0,,,17,373,,,,,
2020-03-02T18:00:00,ITA,15,Campania,40.83956555,14.25084984,4,0,4,13,17,0,0,0,0,,,17,373,,,,,
2020-03-03T18:00:00,ITA,15,Campania,40.83956555,14.25084984,11,0,11,19,30,13,13,0,0,,,30,405,,,,,
2020-03-04T17:00:00,ITA,15,Campania,40.83956555,14.25084984,11,0,11,20,31,1,1,0,0,,,31,429,,,,,
2020-03-05T17:00:00,ITA,15,Campania,40.83956555,14.25084984,12,0,12,33,45,14,14,0,0,,,45,471,,,,,
2020-03-06T17:00:00,ITA,15,Campania,40.83956555,14.25084984,12,0,12,45,57,12,12,0,0,,,57,471,,,,,
2020-03-07T18:00:00,ITA,15,Campania,40.83956555,14.25084984,16,0,16,45,61,4,4,0,0,,,61,612,,,,,
2020-03-08T18:00:00,ITA,15,Campania,40.83956555,14.25084984,30,7,37,63,100,39,40,1,0,,,101,980,,,,,
2020-03-09T18:00:00,ITA,15,Campania,40.83956555,14.25084984,42,8,50,69,119,19,19,1,0,,,120,980,,,,,
2020-03-10T18:00:00,ITA,15,Campania,40.83956555,14.25084984,33,8,41,85,126,7,7,1,0,,,127,1141,,,,,
2020-03-11T17:00:00,ITA,15,Campania,40.83956555,14.25084984,56,11,67,82,149,23,27,4,1,,,154,1375,,,,,
2020-03-12T17:00:00,ITA,15,Campania,40.83956555,14.25084984,56,11,67,107,174,25,25,4,1,,,179,1551,,,,,
2020-03-13T17:00:00,ITA,15,Campania,40.83956555,14.25084984,60,19,79,134,213,39,41,5,2,,,220,1671,,,,,
2020-03-14T17:00:00,ITA,15,Campania,40.83956555,14.25084984,72,17,89,154,243,30,52,23,6,,,272,1936,,,,,
2020-03-15T17:00:00,ITA,15,Campania,40.83956555,14.25084984,73,22,95,201,296,53,61,28,9,,,333,2213,,,,,
2020-03-16T17:00:00,ITA,15,Campania,40.83956555,14.25084984,103,22,125,238,363,67,67,28,9,,,400,2517,,,,,
2020-03-17T17:00:00,ITA,15,Campania,40.83956555,14.25084984,127,24,151,272,423,60,60,28,9,,,460,2685,,,,,
2020-03-18T17:00:00,ITA,15,Campania,40.83956555,14.25084984,127,24,151,272,423,0,0,28,9,,,460,2685,,nd-IT-0013,,,
2020-03-19T17:00:00,ITA,15,Campania,40.83956555,14.25084984,213,36,249,356,605,182,192,30,17,,,652,3544,,,,,
2020-03-20T17:00:00,ITA,15,Campania,40.83956555,14.25084984,130,41,171,531,702,97,97,30,17,,,749,3845,,,,,
2020-03-21T17:00:00,ITA,15,Campania,40.83956555,14.25084984,233,87,320,473,793,91,95,29,22,,,844,4448,,,,,
2020-03-22T17:00:00,ITA,15,Campania,40.83956555,14.25084984,243,99,342,524,866,73,92,41,29,,,936,4943,,,,,
2020-03-23T17:00:00,ITA,15,Campania,40.83956555,14.25084984,266,110,376,553,929,63,90,48,49,,,1026,5813,,,,,
2020-03-24T17:00:00,ITA,15,Campania,40.83956555,14.25084984,345,181,526,466,992,63,75,53,56,,,1101,6297,,,,,
2020-03-25T17:00:00,ITA,15,Campania,40.83956555,14.25084984,318,123,441,631,1072,80,98,53,74,,,1199,6972,,,,,
2020-03-26T17:00:00,ITA,15,Campania,40.83956555,14.25084984,448,114,562,607,1169,97,111,58,83,,,1310,8346,,,,,
2020-03-27T17:00:00,ITA,15,Campania,40.83956555,14.25084984,456,113,569,723,1292,123,144,64,98,,,1454,9613,,,,,
2020-03-28T17:00:00,ITA,15,Campania,40.83956555,14.25084984,463,132,595,812,1407,115,138,76,109,,,1592,10616,,,,,
2020-03-29T17:00:00,ITA,15,Campania,40.83956555,14.25084984,476,135,611,945,1556,149,167,86,117,,,1759,11805,,,,,
2020-03-30T17:00:00,ITA,15,Campania,40.83956555,14.25084984,468,126,594,1145,1739,183,193,88,125,,,1952,12969,,,,,
2020-03-31T17:00:00,ITA,15,Campania,40.83956555,14.25084984,501,133,634,1237,1871,132,140,88,133,,,2092,14403,,,,,
2020-04-01T17:00:00,ITA,15,Campania,40.83956555,14.25084984,478,129,607,1369,1976,105,139,107,148,,,2231,15728,,,,,
2020-04-02T17:00:00,ITA,15,Campania,40.83956555,14.25084984,503,120,623,1517,2140,164,225,149,167,,,2456,17404,,,,,
2020-04-03T17:00:00,ITA,15,Campania,40.83956555,14.25084984,532,115,647,1705,2352,212,221,144,181,,,2677,19237,,,,,
2020-04-04T17:00:00,ITA,15,Campania,40.83956555,14.25084984,567,114,681,1815,2496,144,151,146,186,,,2828,21534,,,,,
2020-04-05T17:00:00,ITA,15,Campania,40.83956555,14.25084984,609,108,717,1904,2621,125,132,150,189,,,2960,23139,,,,,
2020-04-06T17:00:00,ITA,15,Campania,40.83956555,14.25084984,610,101,711,1987,2698,77,98,156,204,,,3058,24526,,,,,
2020-04-07T17:00:00,ITA,15,Campania,40.83956555,14.25084984,603,103,706,2059,2765,67,90,167,216,,,3148,25779,,,,,
2020-04-08T17:00:00,ITA,15,Campania,40.83956555,14.25084984,608,97,705,2154,2859,94,120,188,221,,,3268,27784,,,,,
2020-04-09T17:00:00,ITA,15,Campania,40.83956555,14.25084984,604,94,698,2175,2873,14,76,244,227,,,3344,29664,,,,,
2020-04-10T17:00:00,ITA,15,Campania,40.83956555,14.25084984,600,90,690,2273,2963,90,98,248,231,,,3442,31745,,,,,
2020-04-11T17:00:00,ITA,15,Campania,40.83956555,14.25084984,582,85,667,2335,3002,39,75,277,238,,,3517,33781,,,,,
2020-04-12T17:00:00,ITA,15,Campania,40.83956555,14.25084984,526,82,608,2449,3057,55,87,305,242,,,3604,35448,,,,,
2020-04-13T17:00:00,ITA,15,Campania,40.83956555,14.25084984,606,80,686,2376,3062,5,66,360,248,,,3670,36770,,,,,
2020-04-14T17:00:00,ITA,15,Campania,40.83956555,14.25084984,618,82,700,2394,3094,32,99,415,260,,,3769,38094,,,,,
2020-04-15T17:00:00,ITA,15,Campania,40.83956555,14.25084984,607,86,693,2394,3087,-7,38,442,278,,,3807,39534,,,,,
2020-04-16T17:00:00,ITA,15,Campania,40.83956555,14.25084984,618,76,694,2424,3118,31,80,483,286,,,3887,41296,,,,,
2020-04-17T17:00:00,ITA,15,Campania,40.83956555,14.25084984,622,76,698,2329,3027,-91,64,631,293,,,3951,43697,,,,,
2020-04-18T17:00:00,ITA,15,Campania,40.83956555,14.25084984,605,76,681,2364,3045,18,37,643,300,,,3988,46294,,,,,
2020-04-19T17:00:00,ITA,15,Campania,40.83956555,14.25084984,590,61,651,2371,3022,-23,41,703,304,,,4029,48187,34994,,,,
2020-04-20T17:00:00,ITA,15,Campania,40.83956555,14.25084984,586,61,647,2372,3019,-3,45,746,309,,,4074,51090,36153,,,,
2020-04-21T17:00:00,ITA,15,Campania,40.83956555,14.25084984,532,58,590,2356,2946,-73,61,872,317,,,4135,53548,37505,,,,
2020-04-22T17:00:00,ITA,15,Campania,40.83956555,14.25084984,523,53,576,2422,2998,52,50,860,327,,,4185,55701,38679,,,,
2020-04-23T17:00:00,ITA,15,Campania,40.83956555,14.25084984,539,47,586,2392,2978,-20,53,928,332,,,4238,58324,38679,pd-IT-0014,,,
2020-04-24T17:00:00,ITA,15,Campania,40.83956555,14.25084984,524,44,568,2375,2943,-35,44,1003,336,,,4282,61331,40053,,,,
2020-04-25T17:00:00,ITA,15,Campania,40.83956555,14.25084984,543,55,598,2337,2935,-8,17,1023,341,,,4299,64521,41399,,,,
2020-04-26T17:00:00,ITA,15,Campania,40.83956555,14.25084984,536,45,581,2343,2924,-11,32,1062,345,,,4331,67218,42279,,,,
2020-04-27T17:00:00,ITA,15,Campania,40.83956555,14.25084984,541,37,578,2299,2877,-47,18,1120,352,,,4349,68727,42463,,,,
2020-04-28T17:00:00,ITA,15,Campania,40.83956555,14.25084984,544,33,577,2225,2802,-75,31,1220,358,,,4380,70566,42690,,,,
2020-04-29T17:00:00,ITA,15,Campania,40.83956555,14.25084984,518,31,549,2233,2782,-20,30,1269,359,,,4410,73094,43449,,,,
2020-04-30T17:00:00,ITA,15,Campania,40.83956555,14.25084984,484,29,513,2260,2773,-9,13,1291,359,,,4423,76108,44233,,,,
2020-05-01T17:00:00,ITA,15,Campania,40.83956555,14.25084984,478,29,507,2246,2753,-20,21,1332,359,,,4444,79940,44975,,,,
2020-05-02T17:00:00,ITA,15,Campania,40.83956555,14.25084984,470,27,497,2224,2721,-32,15,1376,362,,,4459,83592,45955,,,,
2020-05-03T17:00:00,ITA,15,Campania,40.83956555,14.25084984,455,30,485,2241,2726,5,25,1394,364,,,4484,86498,47027,,,,
2020-05-04T17:00:00,ITA,15,Campania,40.83956555,14.25084984,438,24,462,2249,2711,-15,14,1421,366,,,4498,90543,48275,,,,
2020-05-05T17:00:00,ITA,15,Campania,40.83956555,14.25084984,408,25,433,2097,2530,-181,20,1619,369,,,4518,93068,48733,,,,
2020-05-06T17:00:00,ITA,15,Campania,40.83956555,14.25084984,433,25,458,1882,2340,-190,14,1816,376,,,4532,96548,49478,,,,
2020-05-07T17:00:00,ITA,15,Campania,40.83956555,14.25084984,415,27,442,1697,2139,-201,9,2023,379,,,4541,101025,50463,,,,
2020-05-08T17:00:00,ITA,15,Campania,40.83956555,14.25084984,418,28,446,1566,2012,-127,21,2164,386,,,4562,105399,51402,,,,
2020-05-09T17:00:00,ITA,15,Campania,40.83956555,14.25084984,415,26,441,1524,1965,-47,14,2223,388,,,4576,110811,52593,,,,
2020-05-10T17:00:00,ITA,15,Campania,40.83956555,14.25084984,435,20,455,1460,1915,-50,12,2282,391,,,4588,114819,53475,,,,
2020-05-11T17:00:00,ITA,15,Campania,40.83956555,14.25084984,436,23,459,1450,1909,-6,14,2301,392,,,4602,119042,54822,,,,
2020-05-12T17:00:00,ITA,15,Campania,40.83956555,14.25084984,414,20,434,1443,1877,-32,13,2345,393,,,4615,121253,55406,,,,
2020-05-13T17:00:00,ITA,15,Campania,40.83956555,14.25084984,402,19,421,1394,1815,-62,15,2421,394,,,4630,124370,56390,,,,
2020-05-14T17:00:00,ITA,15,Campania,40.83956555,14.25084984,387,19,406,1359,1765,-50,9,2480,394,,,4639,127938,57684,,,,
2020-05-15T17:00:00,ITA,15,Campania,40.83956555,14.25084984,341,17,358,1378,1736,-29,15,2522,396,,,4654,131544,59162,,,,
2020-05-16T17:00:00,ITA,15,Campania,40.83956555,14.25084984,351,16,367,1343,1710,-26,14,2562,396,,,4668,136261,61574,,,,
2020-05-17T17:00:00,ITA,15,Campania,40.83956555,14.25084984,342,17,359,1337,1696,-14,16,2592,396,,,4684,139787,63039,,,,
2020-05-18T17:00:00,ITA,15,Campania,40.83956555,14.25084984,342,17,359,1314,1673,-23,11,2623,399,,,4695,143478,67155,,,,
2020-05-19T17:00:00,ITA,15,Campania,40.83956555,14.25084984,330,17,347,1171,1518,-155,12,2790,399,,,4707,147225,69264,,,,
2020-05-20T17:00:00,ITA,15,Campania,40.83956555,14.25084984,318,12,330,1112,1442,-76,7,2871,401,,,4714,150764,71118,,,,
2020-05-21T17:00:00,ITA,15,Campania,40.83956555,14.25084984,312,9,321,1052,1373,-69,9,2947,403,,,4723,155842,73912,,,,
2020-05-22T17:00:00,ITA,15,Campania,40.83956555,14.25084984,312,9,321,971,1292,-81,10,3037,404,,,4733,161825,76907,,,,
2020-05-23T17:00:00,ITA,15,Campania,40.83956555,14.25084984,295,10,305,968,1273,-19,11,3067,404,,,4744,166692,79655,,,,
2020-05-24T17:00:00,ITA,15,Campania,40.83956555,14.25084984,311,8,319,949,1268,-5,5,3076,405,,,4749,172106,80942,,,,
2020-05-25T17:00:00,ITA,15,Campania,40.83956555,14.25084984,287,7,294,919,1213,-55,6,3137,405,,,4755,175466,82786,,,,
2020-05-26T17:00:00,ITA,15,Campania,40.83956555,14.25084984,286,5,291,893,1184,-29,12,3178,405,,,4767,179845,85780,,,,
2020-05-27T17:00:00,ITA,15,Campania,40.83956555,14.25084984,275,6,281,865,1146,-38,6,3221,406,,,4773,185724,88874,,,,
2020-05-28T17:00:00,ITA,15,Campania,40.83956555,14.25084984,260,6,266,746,1012,-134,4,3355,410,,,4777,189068,90670,,,,
2020-05-29T17:00:00,ITA,15,Campania,40.83956555,14.25084984,236,7,243,743,986,-26,10,3390,411,,,4787,193669,93464,,,,
2020-05-30T17:00:00,ITA,15,Campania,40.83956555,14.25084984,236,7,243,738,981,-5,10,3405,411,,,4797,198033,95903,,,,
2020-05-31T17:00:00,ITA,15,Campania,40.83956555,14.25084984,227,5,232,748,980,-1,5,3410,412,,,4802,201543,98096,,,,
2020-06-01T17:00:00,ITA,15,Campania,40.83956555,14.25084984,224,6,230,709,939,-41,4,3454,413,,,4806,203858,99580,,,,
2020-06-02T17:00:00,ITA,15,Campania,40.83956555,14.25084984,236,7,243,647,890,-49,3,3504,415,,,4809,206834,100269,,,,
2020-06-03T17:00:00,ITA,15,Campania,40.83956555,14.25084984,206,4,210,659,869,-21,12,3537,415,,,4821,208854,101664,,,,
2020-06-04T17:00:00,ITA,15,Campania,40.83956555,14.25084984,160,5,165,665,830,-39,1,3572,420,,,4822,210001,102305,,,,
2020-06-05T17:00:00,ITA,15,Campania,40.83956555,14.25084984,133,7,140,634,774,-56,0,3623,425,,,4822,212486,104169,,,,
2020-06-06T17:00:00,ITA,15,Campania,40.83956555,14.25084984,97,7,104,634,738,-36,0,3658,426,,,4822,215404,105814,,,,
2020-06-07T17:00:00,ITA,15,Campania,40.83956555,14.25084984,86,6,92,633,725,-13,4,3675,426,,,4826,217898,108785,,,,
2020-06-08T17:00:00,ITA,15,Campania,40.83956555,14.25084984,82,6,88,629,717,-8,2,3685,426,,,4828,219033,109534,,,,
2020-06-09T17:00:00,ITA,15,Campania,40.83956555,14.25084984,73,3,76,599,675,-42,5,3732,426,,,4833,220662,110583,,,,
2020-06-10T17:00:00,ITA,15,Campania,40.83956555,14.25084984,74,2,76,566,642,-33,1,3764,428,,,4834,223302,112309,,,,
2020-06-11T17:00:00,ITA,15,Campania,40.83956555,14.25084984,74,2,76,534,610,-32,3,3797,430,,,4837,226823,114073,,,,
2020-06-12T17:00:00,ITA,15,Campania,40.83956555,14.25084984,61,2,63,283,346,-264,-229,3832,430,,,4608,230551,115842,dc-IT-0046,,,
2020-06-13T17:00:00,ITA,15,Campania,40.83956555,14.25084984,67,2,69,268,337,-9,0,3841,430,,,4608,234666,118820,,,,
2020-06-14T17:00:00,ITA,15,Campania,40.83956555,14.25084984,53,2,55,264,319,-18,1,3860,430,,,4609,240290,121618,,,,
2020-06-15T17:00:00,ITA,15,Campania,40.83956555,14.25084984,58,2,60,229,289,-30,4,3894,430,,,4613,241380,122291,,,,
2020-06-16T17:00:00,ITA,15,Campania,40.83956555,14.25084984,57,2,59,214,273,-16,0,3910,430,,,4613,242662,123167,,,,
2020-06-17T17:00:00,ITA,15,Campania,40.83956555,14.25084984,48,2,50,208,258,-15,1,3925,431,,,4614,258207,124041,,,,
2020-06-18T17:00:00,ITA,15,Campania,40.83956555,14.25084984,52,6,58,184,242,-16,1,3942,431,,,4615,259655,124683,,,,
2020-06-19T17:00:00,ITA,15,Campania,40.83956555,14.25084984,47,3,50,75,125,-117,0,4059,431,,,4615,261642,125525,,,,
2020-06-20T17:00:00,ITA,15,Campania,40.83956555,14.25084984,48,1,49,76,125,0,0,4059,431,,,4615,263560,126398,,,,
2020-06-21T17:00:00,ITA,15,Campania,40.83956555,14.25084984,41,1,42,84,126,1,2,4060,431,,,4617,265122,127385,,,,
2020-06-22T17:00:00,ITA,15,Campania,40.83956555,14.25084984,40,0,40,93,133,7,7,4060,431,,,4624,266472,127669,,,,
2020-06-23T17:00:00,ITA,15,Campania,40.83956555,14.25084984,47,0,47,94,141,8,10,4062,431,,,4634,267306,128347,,,,
2020-06-24T17:00:00,ITA,15,Campania,40.83956555,14.25084984,35,0,35,113,148,7,11,4066,431,,,4645,269477,130025,,,,
2020-06-25T17:00:00,ITA,15,Campania,40.83956555,14.25084984,47,0,47,117,164,16,17,4067,431,4661,1,4662,271460,131319,,,,
2020-06-26T17:00:00,ITA,15,Campania,40.83956555,14.25084984,41,1,42,122,164,0,3,4070,431,4664,1,4665,272874,131984,,,,
2020-06-27T17:00:00,ITA,15,Campania,40.83956555,14.25084984,45,0,45,118,163,-1,0,4071,431,4664,1,4665,276025,133632,,,,
2020-06-28T17:00:00,ITA,15,Campania,40.83956555,14.25084984,39,0,39,124,163,0,0,4071,431,4664,1,4665,277560,134651,,,,
2020-06-29T17:00:00,ITA,15,Campania,40.83956555,14.25084984,20,0,20,142,162,-1,1,4073,431,4664,2,4666,279246,135740,,,,
2020-06-30T17:00:00,ITA,15,Campania,40.83956555,14.25084984,29,0,29,152,181,19,24,4077,432,4677,13,4690,282523,138482,,,,
2020-07-01T17:00:00,ITA,15,Campania,40.83956555,14.25084984,16,0,16,173,189,8,9,4078,432,4678,21,4699,285388,139678,,,,
2020-07-02T17:00:00,ITA,15,Campania,40.83956555,14.25084984,15,0,15,175,190,1,3,4080,432,4680,22,4702,286812,140525,,,,
2020-07-03T17:00:00,ITA,15,Campania,40.83956555,14.25084984,35,0,35,162,197,7,10,4083,432,4682,30,4712,289253,142219,,,,
2020-07-04T17:00:00,ITA,15,Campania,40.83956555,14.25084984,37,0,37,161,198,1,2,4084,432,4683,31,4714,290745,143232,,,,
2020-07-05T17:00:00,ITA,15,Campania,40.83956555,14.25084984,36,0,36,165,201,3,5,4086,432,4685,34,4719,292593,144281,,,,
2020-07-06T17:00:00,ITA,15,Campania,40.83956555,14.25084984,42,0,42,185,227,26,27,4087,432,4690,56,4746,293368,144742,,,,
2020-07-07T17:00:00,ITA,15,Campania,40.83956555,14.25084984,48,0,48,178,226,-1,1,4089,432,4691,56,4747,294712,145538,,,,
2020-07-08T17:00:00,ITA,15,Campania,40.83956555,14.25084984,36,0,36,192,228,2,3,4090,432,4693,57,4750,296630,146632,,,,
2020-07-09T17:00:00,ITA,15,Campania,40.83956555,14.25084984,45,0,45,187,232,4,5,4091,432,4694,61,4755,298217,147644,,,,
2020-07-10T17:00:00,ITA,15,Campania,40.83956555,14.25084984,44,0,44,193,237,5,7,4093,432,4701,61,4762,299725,148627,,,,
2020-07-11T17:00:00,ITA,15,Campania,40.83956555,14.25084984,47,0,47,195,242,5,7,4095,432,4708,61,4769,301677,149873,,,,
2020-07-12T17:00:00,ITA,15,Campania,40.83956555,14.25084984,13,0,13,233,246,4,3,4094,432,4711,61,4772,302889,150757,,,,
2020-07-13T17:00:00,ITA,15,Campania,40.83956555,14.25084984,16,0,16,237,253,7,7,4094,432,4718,61,4779,303419,151102,,,,
2020-07-14T17:00:00,ITA,15,Campania,40.83956555,14.25084984,16,1,17,235,252,-1,0,4095,432,4718,61,4779,304517,151799,,,,
2020-07-15T17:00:00,ITA,15,Campania,40.83956555,14.25084984,51,1,52,207,259,7,8,4096,432,4724,63,4787,306363,152896,,,,
2020-07-16T17:00:00,ITA,15,Campania,40.83956555,14.25084984,23,1,24,238,262,3,4,4097,432,4728,63,4791,307585,153642,,,,
2020-07-17T17:00:00,ITA,15,Campania,40.83956555,14.25084984,49,1,50,222,272,10,12,4098,433,4739,64,4803,309290,154665,,,,
2020-07-18T17:00:00,ITA,15,Campania,40.83956555,14.25084984,44,1,45,242,287,15,15,4098,433,4754,64,4818,310851,155873,,,,
2020-07-19T17:00:00,ITA,15,Campania,40.83956555,14.25084984,34,0,34,260,294,7,9,4100,433,4763,64,4827,312260,156869,,,,
2020-07-20T17:00:00,ITA,15,Campania,40.83956555,14.25084984,32,0,32,264,296,2,6,4104,433,4769,64,4833,312536,157038,,,,
2020-07-21T17:00:00,ITA,15,Campania,40.83956555,14.25084984,33,1,34,263,297,1,6,4108,434,4775,64,4839,314126,158142,,,,
2020-07-22T17:00:00,ITA,15,Campania,40.83956555,14.25084984,29,1,30,285,315,18,19,4109,434,4794,64,4858,316191,159338,,,,
2020-07-23T17:00:00,ITA,15,Campania,40.83956555,14.25084984,35,1,36,293,329,14,16,4111,434,4810,64,4874,318303,160605,,,,
2020-07-24T17:00:00,ITA,15,Campania,40.83956555,14.25084984,17,2,19,313,332,3,6,4114,434,4816,64,4880,319860,162108,,,,
2020-07-25T17:00:00,ITA,15,Campania,40.83956555,14.25084984,28,2,30,311,341,9,21,4126,434,4837,64,4901,322294,163877,,,,
2020-07-26T17:00:00,ITA,15,Campania,40.83956555,14.25084984,28,4,32,320,352,11,11,4126,434,4848,64,4912,322997,165489,,,,
2020-07-27T17:00:00,ITA,15,Campania,40.83956555,14.25084984,29,4,33,332,365,13,14,4127,434,4858,68,4926,324552,165961,,,,
2020-07-28T17:00:00,ITA,15,Campania,40.83956555,14.25084984,27,4,31,362,393,28,29,4128,434,4883,72,4955,326098,167057,,,,
2020-07-29T17:00:00,ITA,15,Campania,40.83956555,14.25084984,26,1,27,381,408,15,19,4132,434,4898,76,4974,327787,168298,,,,
2020-07-30T17:00:00,ITA,15,Campania,40.83956555,14.25084984,49,6,55,344,399,-9,16,4157,434,4914,76,4990,329863,169546,,,,
2020-07-31T17:00:00,ITA,15,Campania,40.83956555,14.25084984,48,6,54,341,395,-4,9,4169,435,4923,76,4999,332836,170810,,,,
2020-08-01T17:00:00,ITA,15,Campania,40.83956555,14.25084984,39,3,42,355,397,2,10,4177,435,4933,76,5009,334998,172579,,,,
2020-08-02T17:00:00,ITA,15,Campania,40.83956555,14.25084984,35,3,38,363,401,4,7,4180,435,4940,76,5016,337192,174273,,,,
2020-08-03T17:00:00,ITA,15,Campania,40.83956555,14.25084984,47,2,49,348,397,-4,4,4187,436,4944,76,5020,338018,174985,,,,
2020-08-04T17:00:00,ITA,15,Campania,40.83956555,14.25084984,44,2,46,346,392,-5,2,4194,436,4946,76,5022,338946,175739,,,,
2020-08-05T17:00:00,ITA,15,Campania,40.83956555,14.25084984,44,1,45,349,394,2,8,4198,438,4953,77,5030,341031,177414,,,,
2020-08-06T17:00:00,ITA,15,Campania,40.83956555,14.25084984,20,1,21,364,385,-9,5,4212,438,4957,78,5035,343950,179583,,,,
2020-08-07T17:00:00,ITA,15,Campania,40.83956555,14.25084984,32,2,34,338,372,-13,15,4240,438,4968,82,5050,345975,180679,,,,
2020-08-08T17:00:00,ITA,15,Campania,40.83956555,14.25084984,32,2,34,338,372,0,5,4245,438,4970,85,5055,347947,181846,,,,
2020-08-09T17:00:00,ITA,15,Campania,40.83956555,14.25084984,29,2,31,357,388,16,22,4251,438,4990,87,5077,349622,182840,,,,
2020-08-10T17:00:00,ITA,15,Campania,40.83956555,14.25084984,34,1,35,363,398,10,14,4254,439,5004,87,5091,350363,183401,,,,
2020-08-11T17:00:00,ITA,15,Campania,40.83956555,14.25084984,44,2,46,356,402,4,23,4272,440,5027,87,5114,351505,184220,,,,
2020-08-12T17:00:00,ITA,15,Campania,40.83956555,14.25084984,43,2,45,379,424,22,29,4279,440,5056,87,5143,352838,185318,,,,
2020-08-13T17:00:00,ITA,15,Campania,40.83956555,14.25084984,38,2,40,407,447,23,27,4283,440,5082,88,5170,354546,186543,,,,
2020-08-14T17:00:00,ITA,15,Campania,40.83956555,14.25084984,47,1,48,439,487,40,44,4287,440,5124,90,5214,356781,188242,,,,
2020-08-15T17:00:00,ITA,15,Campania,40.83956555,14.25084984,34,1,35,454,489,2,18,4303,440,5142,90,5232,358504,189377,,,,
2020-08-16T17:00:00,ITA,15,Campania,40.83956555,14.25084984,43,1,44,489,533,44,46,4305,440,5183,95,5278,361893,191738,,,,
2020-08-17T17:00:00,ITA,15,Campania,40.83956555,14.25084984,47,1,48,519,567,34,34,4305,440,5197,115,5312,363297,192706,,,,
2020-08-18T17:00:00,ITA,15,Campania,40.83956555,14.25084984,49,2,51,545,596,29,35,4311,440,5220,127,5347,366453,195069,,,,
2020-08-19T17:00:00,ITA,15,Campania,40.83956555,14.25084984,51,2,53,565,618,22,56,4345,440,5274,129,5403,369227,196936,,,,
2020-08-20T17:00:00,ITA,15,Campania,40.83956555,14.25084984,56,2,58,613,671,53,53,4345,440,5327,129,5456,371608,198778,,,,
2020-08-21T17:00:00,ITA,15,Campania,40.83956555,14.25084984,66,2,68,667,735,64,67,4348,440,5394,129,5523,375083,201641,,,,
2020-08-22T17:00:00,ITA,15,Campania,40.83956555,14.25084984,55,1,56,736,792,57,61,4352,440,5455,129,5584,379352,204634,,,,
2020-08-23T17:00:00,ITA,15,Campania,40.83956555,14.25084984,61,2,63,862,925,133,138,4356,441,5574,148,5722,383487,208401,,,,
2020-08-24T17:00:00,ITA,15,Campania,40.83956555,14.25084984,72,2,74,967,1041,116,116,4356,441,5636,202,5838,386619,211095,,,,
2020-08-25T17:00:00,ITA,15,Campania,40.83956555,14.25084984,76,3,79,1085,1164,123,138,4370,442,5733,243,5976,390239,214193,,,,
2020-08-26T17:00:00,ITA,15,Campania,40.83956555,14.25084984,75,3,78,1217,1295,131,135,4373,443,5812,299,6111,393265,216836,,,,
2020-08-27T17:00:00,ITA,15,Campania,40.83956555,14.25084984,108,4,112,1311,1423,128,130,4373,445,5888,353,6241,396896,219960,,,,
2020-08-28T17:00:00,ITA,15,Campania,40.83956555,14.25084984,121,5,126,1470,1596,173,183,4383,445,5990,434,6424,402390,224127,,,,
2020-08-29T17:00:00,ITA,15,Campania,40.83956555,14.25084984,72,2,74,1697,1771,175,188,4396,445,6098,514,6612,406749,227878,,,,
2020-08-30T17:00:00,ITA,15,Campania,40.83956555,14.25084984,110,4,114,1911,2025,254,270,4412,445,6243,639,6882,413478,233301,,,,
2020-08-31T17:00:00,ITA,15,Campania,40.83956555,14.25084984,95,1,96,2114,2210,185,184,4411,445,6341,725,7066,419261,237519,,,,
2020-09-01T17:00:00,ITA,15,Campania,40.83956555,14.25084984,143,6,149,2143,2292,82,102,4430,446,6392,776,7168,425098,242683,,,,
2020-09-02T17:00:00,ITA,15,Campania,40.83956555,14.25084984,163,4,167,2235,2402,110,117,4437,446,6470,815,7285,430232,247341,,,,
2020-09-03T17:00:00,ITA,15,Campania,40.83956555,14.25084984,185,4,189,2391,2580,178,193,4452,446,6595,883,7478,436399,252337,,,,
2020-09-04T17:00:00,ITA,15,Campania,40.83956555,14.25084984,196,5,201,2530,2731,151,171,4471,447,6747,902,7649,442610,257337,,,,
2020-09-05T17:00:00,ITA,15,Campania,40.83956555,14.25084984,207,6,213,2631,2844,113,119,4476,448,6837,931,7768,449451,263202,,,,
2020-09-06T17:00:00,ITA,15,Campania,40.83956555,14.25084984,221,7,228,2714,2942,98,100,4478,448,6932,936,7868,454878,268075,,,,
2020-09-07T17:00:00,ITA,15,Campania,40.83956555,14.25084984,223,7,230,2960,3190,248,218,4490,448,7074,1054,8128,459140,271727,"Nota del ministero della Salute: l'incremento corretto è 218, mentre la differenza con i dati di ieri è 260 poiché 42 casi positivi sono da attribuire ai giorni scorsi",,,
2020-09-08T17:00:00,ITA,15,Campania,40.83956555,14.25084984,220,9,229,3186,3415,225,249,4514,448,7259,1118,8377,467131,277421,,,,
2020-09-09T17:00:00,ITA,15,Campania,40.83956555,14.25084984,226,10,236,3358,3594,179,203,4537,449,7416,1164,8580,474285,283355,,,,
2020-09-10T17:00:00,ITA,15,Campania,40.83956555,14.25084984,232,10,242,3500,3742,148,180,4568,450,7540,1220,8760,481767,289379,,,,
2020-09-11T17:00:00,ITA,15,Campania,40.83956555,14.25084984,239,13,252,3613,3865,123,140,4584,451,7637,1263,8900,489060,296120,,,,
2020-09-12T17:00:00,ITA,15,Campania,40.83956555,14.25084984,254,17,271,3627,3898,33,103,4654,451,7725,1278,9003,494487,300981,,,,
2020-09-13T17:00:00,ITA,15,Campania,40.83956555,14.25084984,271,19,290,3651,3941,43,122,4733,451,7839,1286,9125,498723,304705,,,,
2020-09-14T17:00:00,ITA,15,Campania,40.83956555,14.25084984,286,19,305,3699,4004,63,90,4759,452,7915,1300,9215,501568,306866,,,,
2020-09-15T17:00:00,ITA,15,Campania,40.83956555,14.25084984,295,18,313,3767,4080,76,136,4819,452,8041,1310,9351,505463,310227,,,,
2020-09-16T17:00:00,ITA,15,Campania,40.83956555,14.25084984,301,19,320,3877,4197,117,186,4888,452,8213,1324,9537,511535,315063,,,,
2020-09-17T17:00:00,ITA,15,Campania,40.83956555,14.25084984,302,21,323,3984,4307,110,195,4970,455,8380,1352,9732,520008,321975,,,,
2020-09-18T17:00:00,ITA,15,Campania,40.83956555,14.25084984,318,20,338,4127,4465,158,208,5020,455,8456,1484,9940,527468,328713,,,,
2020-09-19T17:00:00,ITA,15,Campania,40.83956555,14.25084984,327,19,346,4227,4573,108,149,5060,456,8599,1490,10089,532983,333778,,,,
2020-09-20T17:00:00,ITA,15,Campania,40.83956555,14.25084984,344,22,366,4309,4675,102,171,5129,456,8758,1502,10260,540615,339764,,,,
2020-09-21T17:00:00,ITA,15,Campania,40.83956555,14.25084984,345,21,366,4531,4897,222,243,5149,457,8987,1516,10503,544020,345005,,,,
2020-09-22T17:00:00,ITA,15,Campania,40.83956555,14.25084984,360,23,383,4572,4955,58,156,5247,457,9137,1522,10659,548330,345740,,,,
2020-09-23T17:00:00,ITA,15,Campania,40.83956555,14.25084984,356,22,378,4689,5067,112,248,5383,457,9379,1528,10907,552231,350063,,,,
2020-09-24T17:00:00,ITA,15,Campania,40.83956555,14.25084984,371,25,396,4761,5157,90,195,5488,457,9568,1534,11102,559258,355075,,,,
2020-09-25T17:00:00,ITA,15,Campania,40.83956555,14.25084984,382,27,409,4849,5258,101,253,5638,459,9798,1557,11355,566837,362048,,,,
2020-09-26T17:00:00,ITA,15,Campania,40.83956555,14.25084984,325,29,354,5127,5481,223,274,5688,460,10058,1571,11629,572941,367291,,,,
2020-09-27T17:00:00,ITA,15,Campania,40.83956555,14.25084984,400,30,430,5160,5590,109,245,5824,460,10290,1584,11874,578480,371640,,,,
2020-09-28T17:00:00,ITA,15,Campania,40.83956555,14.25084984,412,30,442,5298,5740,150,295,5968,461,10572,1597,12169,584072,374216,,,,
2020-09-29T17:00:00,ITA,15,Campania,40.83956555,14.25084984,417,35,452,5513,5965,225,286,6027,463,10844,1611,12455,590407,378937,,,,
2020-09-30T17:00:00,ITA,15,Campania,40.83956555,14.25084984,414,39,453,5660,6113,148,287,6166,463,11123,1619,12742,595991,383899,,,,
2020-10-01T17:00:00,ITA,15,Campania,40.83956555,14.25084984,421,38,459,5937,6396,283,390,6273,463,11501,1631,13132,604302,391374,,,,
2020-10-02T17:00:00,ITA,15,Campania,40.83956555,14.25084984,439,39,478,6267,6745,349,392,6315,464,11882,1642,13524,612784,397526,,,,
2020-10-03T17:00:00,ITA,15,Campania,40.83956555,14.25084984,434,40,474,6568,7042,297,401,6418,465,12268,1657,13925,620282,403167,,,,
2020-10-04T17:00:00,ITA,15,Campania,40.83956555,14.25084984,450,41,491,6909,7400,358,412,6472,465,12634,1703,14337,627532,408931,,,,
2020-10-05T17:00:00,ITA,15,Campania,40.83956555,14.25084984,463,43,506,7203,7709,309,431,6593,466,13032,1736,14768,632399,412392,,,,
2020-10-06T17:00:00,ITA,15,Campania,40.83956555,14.25084984,488,47,535,7442,7977,268,395,6718,468,13406,1757,15163,637463,416074,,,,
2020-10-07T17:00:00,ITA,15,Campania,40.83956555,14.25084984,520,52,572,7771,8343,366,544,6895,469,13925,1782,15707,644967,422215,,,,
2020-10-08T17:00:00,ITA,15,Campania,40.83956555,14.25084984,548,55,603,8347,8950,607,757,7044,470,14672,1792,16464,654892,430106,,,,
2020-10-09T17:00:00,ITA,15,Campania,40.83956555,14.25084984,576,63,639,8958,9597,647,769,7161,475,15420,1813,17233,664441,437971,,,,
2020-10-10T17:00:00,ITA,15,Campania,40.83956555,14.25084984,635,63,698,9493,10191,594,664,7229,477,16060,1837,17897,673472,446216,,,,
2020-10-11T17:00:00,ITA,15,Campania,40.83956555,14.25084984,664,61,725,9969,10694,503,633,7357,479,16669,1861,18530,682704,454679,,,,
2020-10-12T17:00:00,ITA,15,Campania,40.83956555,14.25084984,685,64,749,10477,11226,532,662,7487,479,17258,1934,19192,690109,460813,,,,
2020-10-13T17:00:00,ITA,15,Campania,40.83956555,14.25084984,694,62,756,11022,11778,552,635,7564,485,17861,1966,19827,697829,467964,,,,
2020-10-14T17:00:00,ITA,15,Campania,40.83956555,14.25084984,735,61,796,11647,12443,665,818,7715,487,18656,1989,20645,709225,476051,,,,
2020-10-15T17:00:00,ITA,15,Campania,40.83956555,14.25084984,762,66,828,12416,13244,801,1127,8032,496,19740,2032,21772,723005,487147,,,,
2020-10-16T17:00:00,ITA,15,Campania,40.83956555,14.25084984,786,67,853,13501,14354,1110,1261,8180,499,20983,2050,23033,737227,498492,,,,
2020-10-17T17:00:00,ITA,15,Campania,40.83956555,14.25084984,817,75,892,14798,15690,1336,1410,8254,499,22363,2080,24443,751931,509918,,,,
2020-10-18T17:00:00,ITA,15,Campania,40.83956555,14.25084984,849,78,927,15938,16865,1175,1376,8453,501,23716,2103,25819,766187,519783,,,,
2020-10-19T17:00:00,ITA,15,Campania,40.83956555,14.25084984,884,85,969,17345,18314,1449,1593,8576,522,25252,2160,27412,778882,529648,,,,
2020-10-20T17:00:00,ITA,15,Campania,40.83956555,14.25084984,946,91,1037,18421,19458,1144,1312,8732,534,26534,2190,28724,789087,538297,,,,
2020-10-21T17:00:00,ITA,15,Campania,40.83956555,14.25084984,996,85,1081,20020,21101,1643,1760,8838,545,28264,2220,30484,802965,548083,,,,
2020-10-22T17:00:00,ITA,15,Campania,40.83956555,14.25084984,1037,94,1131,21430,22561,1460,1541,8913,551,29781,2244,32025,814966,558506,,,,
2020-10-23T17:00:00,ITA,15,Campania,40.83956555,14.25084984,1090,98,1188,23447,24635,2074,2280,9107,563,32025,2280,34305,830767,571147,,,,
2020-10-24T17:00:00,ITA,15,Campania,40.83956555,14.25084984,1118,108,1226,25077,26303,1668,1718,9149,571,33707,2316,36023,843297,579568,,,,
2020-10-25T17:00:00,ITA,15,Campania,40.83956555,14.25084984,1151,113,1264,27456,28720,2417,2590,9322,571,36250,2363,38613,860203,587003,,,,
2020-10-26T17:00:00,ITA,15,Campania,40.83956555,14.25084984,1191,123,1314,29361,30675,1955,1981,9332,587,38178,2416,40594,871772,594439,,,,
2020-10-27T17:00:00,ITA,15,Campania,40.83956555,14.25084984,1210,140,1350,31491,32841,2166,2761,9907,607,40855,2500,43355,886553,602980,,,,
2020-10-28T17:00:00,ITA,15,Campania,40.83956555,14.25084984,1235,160,1395,33491,34886,2045,2427,10272,624,43234,2548,45782,901583,611945,,,,
2020-10-29T17:00:00,ITA,15,Campania,40.83956555,14.25084984,1297,164,1461,36243,37704,2818,3103,10537,644,46299,2586,48885,919318,622408,,,,
2020-10-30T17:00:00,ITA,15,Campania,40.83956555,14.25084984,1385,161,1546,38804,40350,2646,3186,11062,659,49469,2602,52071,937974,634861,,,,
2020-10-31T17:00:00,ITA,15,Campania,40.83956555,14.25084984,1403,168,1571,42159,43730,3380,3669,11337,673,53119,2621,55740,958834,651607,,,,
2020-11-01T17:00:00,ITA,15,Campania,40.83956555,14.25084984,1416,170,1586,45592,47178,3448,3860,11746,676,56979,2621,59600,980619,669472,,,,
2020-11-02T17:00:00,ITA,15,Campania,40.83956555,14.25084984,1486,171,1657,47113,48770,1592,2861,12991,700,59831,2630,62461,996251,680120,I Dati del 02/11/2020 della Provincia di Benevento non sono pervenuti. ,,,
2020-11-03T17:00:00,ITA,15,Campania,40.83956555,14.25084984,1497,227,1724,48995,50719,1949,2971,13989,724,62798,2634,65432,1010052,688589,,,,
2020-11-04T17:00:00,ITA,15,Campania,40.83956555,14.25084984,1569,175,1744,52744,54488,3769,4181,14386,739,66975,2638,69613,1031736,706058,,,,
2020-11-05T17:00:00,ITA,15,Campania,40.83956555,14.25084984,1608,174,1782,56266,58048,3560,3888,14697,756,70863,2638,73501,1051304,721021,,,,
2020-11-06T17:00:00,ITA,15,Campania,40.83956555,14.25084984,1677,180,1857,60339,62196,4148,4508,15017,796,75357,2652,78009,1075201,739433,,,,
2020-11-07T17:00:00,ITA,15,Campania,40.83956555,14.25084984,1756,179,1935,63571,65506,3310,4309,16001,811,79663,2655,82318,1097897,757092,,,,
2020-11-08T17:00:00,ITA,15,Campania,40.83956555,14.25084984,1817,186,2003,67649,69652,4146,4601,16441,826,84257,2662,86919,1123703,778735,,,,
2020-11-09T17:00:00,ITA,15,Campania,40.83956555,14.25084984,1949,191,2140,70180,72320,2668,3120,16875,844,87377,2662,90039,1139496,789173,,,,
2020-11-10T17:00:00,ITA,15,Campania,40.83956555,14.25084984,2061,193,2254,71974,74228,1908,2716,17665,862,90093,2662,92755,1153786,800240,,,,
2020-11-11T17:00:00,ITA,15,Campania,40.83956555,14.25084984,2077,181,2258,74412,76670,2442,3166,18355,896,93228,2693,95921,1172232,815377,,,,
2020-11-12T17:00:00,ITA,15,Campania,40.83956555,14.25084984,1944,192,2136,77923,80059,3389,4065,19000,927,97279,2707,99986,1196072,834920,,,,
2020-11-13T17:00:00,ITA,15,Campania,40.83956555,14.25084984,2153,183,2336,80884,83220,3161,4079,19878,967,101358,2707,104065,1221582,854598,,,,
2020-11-14T17:00:00,ITA,15,Campania,40.83956555,14.25084984,2080,184,2264,82982,85246,2026,3351,21176,994,104709,2707,107416,1242244,872094,,,,
2020-11-15T17:00:00,ITA,15,Campania,40.83956555,14.25084984,2224,194,2418,85839,88257,3011,3771,21901,1029,108480,2707,111187,1267192,891617,,,,
2020-11-16T17:00:00,ITA,15,Campania,40.83956555,14.25084984,2190,192,2382,89132,91514,3257,4079,22686,1066,112552,2714,115266,1292302,912270,,,,
2020-11-17T17:00:00,ITA,15,Campania,40.83956555,14.25084984,2236,201,2437,90289,92726,1212,3019,24474,1085,115571,2714,118285,1308480,925004,,,,
2020-11-18T17:00:00,ITA,15,Campania,40.83956555,14.25084984,2259,200,2459,92680,95139,2413,3657,25643,1160,119228,2714,121942,1331959,944638,,,,
2020-11-19T17:00:00,ITA,15,Campania,40.83956555,14.25084984,2287,194,2481,93705,96186,1047,3334,27898,1192,122562,2714,125276,1355455,956035,,,,
2020-11-20T17:00:00,ITA,15,Campania,40.83956555,14.25084984,2244,201,2445,96547,98992,2806,4226,29293,1217,126778,2724,129502,1383104,972976,,,,
2020-11-21T17:00:00,ITA,15,Campania,40.83956555,14.25084984,2260,198,2458,98677,101135,2143,3554,30672,1249,130332,2724,133056,1407796,985270,,,,
2020-11-22T17:00:00,ITA,15,Campania,40.83956555,14.25084984,2218,201,2419,101062,103481,2346,3217,31522,1270,133544,2729,136273,1432128,1002964,,,,
2020-11-23T17:00:00,ITA,15,Campania,40.83956555,14.25084984,2331,201,2532,100977,103509,28,2158,33613,1309,135692,2739,138431,1447867,1009443,,,,
2020-11-24T17:00:00,ITA,15,Campania,40.83956555,14.25084984,2274,201,2475,100376,102851,-658,1764,35957,1387,137129,3066,140195,1461611,1011680,,,,
2020-11-25T17:00:00,ITA,15,Campania,40.83956555,14.25084984,2282,192,2474,99674,102148,-703,2815,39428,1434,139941,3069,143010,1484741,1028617,,,,
2020-11-26T17:00:00,ITA,15,Campania,40.83956555,14.25084984,2212,200,2412,100972,103384,1236,3008,41151,1483,142939,3079,146018,1508502,1039969,,,,
2020-11-27T17:00:00,ITA,15,Campania,40.83956555,14.25084984,2188,184,2372,101610,103982,598,2924,43414,1546,145862,3080,148942,1530803,1054566,,,,
2020-11-28T17:00:00,ITA,15,Campania,40.83956555,14.25084984,2164,186,2350,102033,104383,401,2729,45693,1595,148591,3080,151671,1552810,1068940,,,,
2020-11-29T17:00:00,ITA,15,Campania,40.83956555,14.25084984,2165,183,2348,102438,104786,403,2022,47276,1631,150612,3081,153693,1571873,1076585,,,,
2020-11-30T17:00:00,ITA,15,Campania,40.83956555,14.25084984,2141,182,2323,102204,104527,-259,1626,49119,1673,152235,3084,155319,1586159,1083728,,,,
2020-12-01T17:00:00,ITA,15,Campania,40.83956555,14.25084984,2099,179,2278,100601,102879,-1648,1113,51832,1721,153338,3094,156432,1595400,1087947,,,,
2020-12-02T17:00:00,ITA,15,Campania,40.83956555,14.25084984,2064,173,2237,100258,102495,-384,1842,54015,1764,155170,3104,158274,1615159,1100911,,,,
2020-12-03T17:00:00,ITA,15,Campania,40.83956555,14.25084984,2041,162,2203,100371,102574,79,2295,56177,1818,0,0,160569,1639868,1118787,,0,,
2020-12-04T17:00:00,ITA,15,Campania,40.83956555,14.25084984,1999,166,2165,99691,101856,-718,1651,58461,1903,,,162220,1658601,1132418,"Per mero errore di inserimento, il numero delle persone testate di ieri era 1.118.787 e non 11.187.787",0,Al momento non è possibile definire il dato dei tamponi antigenici.,Non ci è possibile trasmettere i rimanenti dati perchè in corso di definizione
2020-12-05T17:00:00,ITA,15,Campania,40.83956555,14.25084984,1558,165,1723,99638,101361,-495,1521,60422,1958,,,163741,1677237,1144454,,0,Al momento non è possibile definire il dato dei tamponi antigenici.,Non ci è possibile trasmettere i rimanenti dati perchè in corso di definizione
2020-12-06T17:00:00,ITA,15,Campania,40.83956555,14.25084984,1916,155,2071,99172,101243,-118,1552,62060,1990,,,165293,1696550,1153658,,0,Al momento non è possibile definire il dato dei tamponi antigenici.,Non ci è possibile trasmettere i rimanenti dati perchè in corso di definizione
2020-12-07T17:00:00,ITA,15,Campania,40.83956555,14.25084984,1840,137,1977,98318,100295,-948,1060,64029,2029,,,166353,1708880,1163519,,0,Al momento non è possibile definire il dato dei tamponi antigenici.,Non ci è possibile trasmettere i rimanenti dati perchè in corso di definizione
2020-12-08T17:00:00,ITA,15,Campania,40.83956555,14.25084984,1898,140,2038,96727,98765,-1530,1080,66604,2064,,,167433,1721240,1171162,,0,Al momento non è possibile definire il dato dei tamponi antigenici.,Non ci è possibile trasmettere i rimanenti dati perchè in corso di definizione
2020-12-09T17:00:00,ITA,15,Campania,40.83956555,14.25084984,1852,138,1990,95223,97213,-1552,1361,69473,2108,,,168794,1737112,1181198,,0,Al momento non è possibile definire il dato dei tamponi antigenici.,Non ci è possibile trasmettere i rimanenti dati perchè in corso di definizione
2020-12-10T17:00:00,ITA,15,Campania,40.83956555,14.25084984,1789,140,1929,94236,96165,-1048,1198,71662,2165,,,169992,1751218,1191200,,0,Al momento non è possibile definire il dato dei tamponi antigenici.,Non ci è possibile trasmettere i rimanenti dati perchè in corso di definizione
2020-12-11T17:00:00,ITA,15,Campania,40.83956555,14.25084984,1828,144,1972,92508,94480,-1685,1340,74624,2228,,,171332,1769241,1204721,,0,Al momento non è possibile definire il dato dei tamponi antigenici.,Non ci è possibile trasmettere i rimanenti dati perchè in corso di definizione
2020-12-12T17:00:00,ITA,15,Campania,40.83956555,14.25084984,1794,137,1931,92158,94089,-391,1414,76382,2275,,,172746,1788904,1215755,,0,,
2020-12-13T17:00:00,ITA,15,Campania,40.83956555,14.25084984,1804,134,1938,91322,93260,-829,1219,78395,2310,,,173965,1806223,1225787,,0,,
2020-12-14T17:00:00,ITA,15,Campania,40.83956555,14.25084984,1796,130,1926,90744,92670,-590,1088,80043,2340,,,175053,1821695,1237435,,0,,
2020-12-15T17:00:00,ITA,15,Campania,40.83956555,14.25084984,1720,123,1843,88399,90242,-2428,647,83068,2390,,,175700,1830136,1239599,,0,,
2020-12-16T17:00:00,ITA,15,Campania,40.83956555,14.25084984,1701,124,1825,86379,88204,-2038,900,85972,2424,,,176600,1844893,1246562,,0,,
2020-12-17T17:00:00,ITA,15,Campania,40.83956555,14.25084984,1656,119,1775,84778,86553,-1651,927,88502,2472,,,177527,1860023,1257621,,0,,
2020-12-18T17:00:00,ITA,15,Campania,40.83956555,14.25084984,1621,120,1741,82956,84697,-1856,1201,91503,2528,,,178728,1878169,1267024,,0,,
2020-12-19T17:00:00,ITA,15,Campania,40.83956555,14.25084984,1598,122,1720,82470,84190,-507,949,92927,2560,,,179677,1893908,1278396,,0,,
2020-12-20T17:00:00,ITA,15,Campania,40.83956555,14.25084984,1554,119,1673,82293,83966,-224,891,94031,2571,,,180568,1908017,1291077,,0,,
2020-12-21T17:00:00,ITA,15,Campania,40.83956555,14.25084984,1571,120,1691,81841,83532,-434,691,95128,2599,,,181259,1917679,1298769,,0,,
2020-12-22T17:00:00,ITA,15,Campania,40.83956555,14.25084984,1529,118,1647,79612,81259,-2273,791,98167,2624,,,182050,1927864,1299748,,0,,
2020-12-23T17:00:00,ITA,15,Campania,40.83956555,14.25084984,1513,107,1620,78327,79947,-1312,1067,100527,2643,,,183117,1946290,1304420,,0,,
2020-12-24T17:00:00,ITA,15,Campania,40.83956555,14.25084984,1488,102,1590,78419,80009,62,1156,101601,2663,,,184273,1966694,1318032,,0,,
2020-12-25T17:00:00,ITA,15,Campania,40.83956555,14.25084984,1449,102,1551,78996,80547,538,1009,102065,2670,,,185282,1983049,1329721,,0,,
2020-12-26T17:00:00,ITA,15,Campania,40.83956555,14.25084984,1431,98,1529,79034,80563,16,539,102580,2678,,,185821,1989495,1331879,,0,,
2020-12-27T17:00:00,ITA,15,Campania,40.83956555,14.25084984,1440,95,1535,78540,80075,-488,310,103370,2686,,,186131,1992877,1332853,,0,,
2020-12-28T17:00:00,ITA,15,Campania,40.83956555,14.25084984,1422,98,1520,77776,79296,-779,433,104549,2719,,,186564,1997527,1334820,,0,,
2020-12-29T17:00:00,ITA,15,Campania,40.83956555,14.25084984,1402,97,1499,76992,78491,-805,625,105933,2765,,,187189,2004376,1337233,,0,,
2020-12-30T17:00:00,ITA,15,Campania,40.83956555,14.25084984,1357,102,1459,76152,77611,-880,930,107696,2812,,,188119,2016361,1344827,,0,,
2020-12-31T17:00:00,ITA,15,Campania,40.83956555,14.25084984,1325,113,1438,75817,77255,-356,1554,109574,2844,,,189673,2035364,1359098,,15,,
2021-01-01T17:00:00,ITA,15,Campania,40.83956555,14.25084984,1359,104,1463,76865,78328,1073,1734,110215,2864,,,191407,2055822,1375469,,19,,
2021-01-02T17:00:00,ITA,15,Campania,40.83956555,14.25084984,1355,99,1454,76561,78015,-313,392,110891,2893,,,191799,2059031,1377433,,13,,
2021-01-03T17:00:00,ITA,15,Campania,40.83956555,14.25084984,1362,98,1460,76365,77825,-190,619,111682,2911,,,192418,2065442,1381652,,5,,
2021-01-04T17:00:00,ITA,15,Campania,40.83956555,14.25084984,1377,96,1473,76024,77497,-328,747,112726,2942,,,193165,2072185,1385616,,6,,
2021-01-05T17:00:00,ITA,15,Campania,40.83956555,14.25084984,1372,97,1469,74891,76360,-1137,688,114518,2975,,,193853,2079610,1389809,,10,,
2021-01-06T17:00:00,ITA,15,Campania,40.83956555,14.25084984,1362,99,1461,74882,76343,-17,1366,115882,2994,,,195219,2096822,1404484,,9,,
2021-01-07T17:00:00,ITA,15,Campania,40.83956555,14.25084984,1385,96,1481,74878,76359,16,1052,116879,3033,,,196271,2108752,1410977,,6,,
2021-01-08T17:00:00,ITA,15,Campania,40.83956555,14.25084984,1395,100,1495,73651,75146,-1213,984,119030,3079,,,197255,2117641,1415674,,13,,
2021-01-09T17:00:00,ITA,15,Campania,40.83956555,14.25084984,1376,107,1483,73793,75276,130,1263,120127,3115,,,198518,2132355,1422156,,17,,
2021-01-10T17:00:00,ITA,15,Campania,40.83956555,14.25084984,1377,106,1483,73905,75388,112,1253,121255,3128,,,199771,2147766,1432377,,16,,
2021-01-11T17:00:00,ITA,15,Campania,40.83956555,14.25084984,1400,109,1509,73208,74717,-671,1021,122910,3165,,,200792,2157456,1438729,,21,,
2021-01-12T17:00:00,ITA,15,Campania,40.83956555,14.25084984,1414,109,1523,71066,72589,-2128,662,125656,3209,,,201454,2166203,1443145,,8,,
2021-01-13T17:00:00,ITA,15,Campania,40.83956555,14.25084984,1405,106,1511,70749,72260,-329,1098,127035,3257,,,202552,2180945,1452804,,7,,
2021-01-14T17:00:00,ITA,15,Campania,40.83956555,14.25084984,1365,104,1469,71284,72753,493,1294,127795,3298,,,203846,2194673,1461530,,9,,
2021-01-15T17:00:00,ITA,15,Campania,40.83956555,14.25084984,1401,93,1494,71439,72933,180,1150,128728,3335,,,204996,2208602,1470534,,7,,,204923,73,2207249,1353,ITF,ITF3
2021-01-16T17:00:00,ITA,15,Campania,40.83956555,14.25084984,1432,97,1529,72537,74066,1133,1132,128727,3335,,,206128,2223213,1482060,,14,,,206054,74,2221849,1364,ITF,ITF3
2021-01-17T17:00:00,ITA,15,Campania,40.83956555,14.25084984,1460,94,1554,71557,73111,-955,1021,130668,3370,,,207149,2237801,1493903,,3,,,207019,130,2235428,2373,ITF,ITF3
2021-01-18T17:00:00,ITA,15,Campania,40.83956555,14.25084984,1448,94,1542,71120,72662,-449,714,131806,3395,,,207863,2245559,1498475,,9,,,207707,156,2242954,2605,ITF,ITF3
2021-01-19T17:00:00,ITA,15,Campania,40.83956555,14.25084984,1468,97,1565,70315,71880,-782,651,133205,3429,,,208514,2255000,1503706,,12,,,208273,241,2250703,4297,ITF,ITF3
2021-01-20T17:00:00,ITA,15,Campania,40.83956555,14.25084984,1448,100,1548,69318,70866,-1014,968,135145,3471,,,209482,2270343,1513174,,11,,,209176,306,2264744,5599,ITF,ITF3
2021-01-21T17:00:00,ITA,15,Campania,40.83956555,14.25084984,1440,100,1540,69638,71178,312,1215,136008,3511,,,210697,2285816,1525098,,9,,,210343,354,2278917,6899,ITF,ITF3
2021-01-22T17:00:00,ITA,15,Campania,40.83956555,14.25084984,1438,104,1542,60591,62133,-9045,1106,146113,3557,,,211803,2299650,1529694,,13,,L'alto numero di guariti odierno è da ricondursi a 9211 pazienti che sono considerati guariti a seguito della nuova definizione di guarigione per quei soggetti asintomatici che superano i 21 gg dal primo tampone positivo.,211358,445,2291171,8479,ITF,ITF3
2021-01-23T17:00:00,ITA,15,Campania,40.83956555,14.25084984,1437,114,1551,60902,62453,320,1150,146914,3586,,,212953,2315313,1541151,,16,,,212375,578,2304794,10519,ITF,ITF3
2021-01-24T17:00:00,ITA,15,Campania,40.83956555,14.25084984,1448,112,1560,61425,62985,532,1069,147439,3598,,,214022,2331532,1552374,,7,,,213340,682,2318857,12675,ITF,ITF3
2021-01-25T17:00:00,ITA,15,Campania,40.83956555,14.25084984,1455,105,1560,61513,63073,88,754,148085,3618,,,214776,2339916,1555995,,4,,,214070,706,2326480,13436,ITF,ITF3
2021-01-26T17:00:00,ITA,15,Campania,40.83956555,14.25084984,1470,101,1571,61662,63233,160,976,148876,3643,,,215752,2351357,1560414,,6,,,214897,855,2335839,15518,ITF,ITF3
2021-01-27T17:00:00,ITA,15,Campania,40.83956555,14.25084984,1447,107,1554,61441,62995,-238,1178,150266,3669,,,216930,2367290,1570291,,13,,,215991,939,2350116,17174,ITF,ITF3
2021-01-28T17:00:00,ITA,15,Campania,40.83956555,14.25084984,1474,98,1572,62017,63589,594,1313,150950,3704,,,218243,2383402,1582293,,1,,,217181,1062,2364324,19078,ITF,ITF3
2021-01-29T17:00:00,ITA,15,Campania,40.83956555,14.25084984,1425,95,1520,60122,61642,-1947,1175,154051,3725,,,219418,2397782,1588421,,12,,,218251,1167,2376683,21099,ITF,ITF3
2021-01-30T17:00:00,ITA,15,Campania,40.83956555,14.25084984,1435,92,1527,60129,61656,14,1366,155381,3747,,,220784,2415127,1598390,,12,,,219501,1283,2391219,23908,ITF,ITF3
2021-01-31T17:00:00,ITA,15,Campania,40.83956555,14.25084984,1417,99,1516,60906,62422,766,1401,156006,3757,,,222185,2432221,1610642,,8,,,220799,1386,2406121,26100,ITF,ITF3
2021-02-01T17:00:00,ITA,15,Campania,40.83956555,14.25084984,1437,97,1534,60799,62333,-89,994,157081,3765,,,223179,2440638,1614098,,8,,,221757,1422,2413779,26859,ITF,ITF3
2021-02-02T17:00:00,ITA,15,Campania,40.83956555,14.25084984,1480,103,1583,60276,61859,-474,919,158436,3803,,,224098,2451711,1621550,,9,,,222655,1443,2424265,27446,ITF,ITF3
2021-02-03T17:00:00,ITA,15,Campania,40.83956555,14.25084984,1475,100,1575,60542,62117,258,1539,159700,3820,,,225637,2471140,1632795,,13,,,224010,1627,2439252,31888,ITF,ITF3
2021-02-04T17:00:00,ITA,15,Campania,40.83956555,14.25084984,1468,100,1568,60781,62349,232,1544,160976,3856,,,227181,2489654,1643920,,14,,,225453,1728,2455143,34511,ITF,ITF3
2021-02-05T17:00:00,ITA,15,Campania,40.83956555,14.25084984,1490,103,1593,61726,63319,970,1665,161648,3879,,,228846,2506569,1655392,,8,,,227013,1833,2469792,36777,ITF,ITF3
2021-02-06T17:00:00,ITA,15,Campania,40.83956555,14.25084984,1499,108,1607,62633,64240,921,1546,162264,3888,,,230392,2525894,1788715,,12,,,228412,1980,2486116,39778,ITF,ITF3
2021-02-07T17:00:00,ITA,15,Campania,40.83956555,14.25084984,1500,105,1605,63867,65472,1232,1741,162770,3891,,,232133,2545475,1796170,,3,,,229989,2144,2502302,43173,ITF,ITF3
2021-02-08T17:00:00,ITA,15,Campania,40.83956555,14.25084984,1542,110,1652,64056,65708,236,1189,163710,3904,,,233322,2555030,1800322,,9,,,231150,2172,2511304,43726,ITF,ITF3
2021-02-09T17:00:00,ITA,15,Campania,40.83956555,14.25084984,1540,112,1652,63681,65333,-375,1274,165335,3928,,,234596,2568721,1807945,,12,,,232263,2333,2521388,47333,ITF,ITF3
2021-02-10T17:00:00,ITA,15,Campania,40.83956555,14.25084984,1486,103,1589,64162,65751,418,1635,166526,3954,,,236231,2589633,1821077,,10,,,233769,2462,2539402,50231,ITF,ITF3
2021-02-11T17:00:00,ITA,15,Campania,40.83956555,14.25084984,1425,115,1540,64753,66293,542,1694,167666,3966,,,237925,2611091,1833291,,20,,,235312,2613,2557718,53373,ITF,ITF3
2021-02-12T17:00:00,ITA,15,Campania,40.83956555,14.25084984,1399,106,1505,65827,67332,1039,1637,168249,3981,,,239562,2629484,1844532,,15,,,236810,2752,2572986,56498,ITF,ITF3
2021-02-13T17:00:00,ITA,15,Campania,40.83956555,14.25084984,1356,104,1460,66624,68084,752,1751,169230,3999,,,241313,2649897,1857334,,6,,,238410,2903,2589725,60172,ITF,ITF3
2021-02-14T17:00:00,ITA,15,Campania,40.83956555,14.25084984,1322,111,1433,67561,68994,910,1603,169916,4006,,,242916,2669884,1871335,,9,,,239851,3065,2606596,63288,ITF,ITF3
2021-02-15T17:00:00,ITA,15,Campania,40.83956555,14.25084984,1281,107,1388,67668,69056,62,966,170804,4022,,,243882,2679393,1877897,,6,,,240766,3116,2615310,64083,ITF,ITF3
2021-02-16T17:00:00,ITA,15,Campania,40.83956555,14.25084984,1284,106,1390,67590,68980,-76,1135,171998,4039,,,245017,2693549,1884395,,9,,,241765,3252,2626302,67247,ITF,ITF3
2021-02-17T17:00:00,ITA,15,Campania,40.83956555,14.25084984,1301,107,1408,68271,69679,699,1575,172860,4053,,,246592,2714018,1896847,,9,,  ,243205,3387,2644344,69674,ITF,ITF3
2021-02-18T17:00:00,ITA,15,Campania,40.83956555,14.25084984,1290,110,1400,67782,69182,-497,1573,174901,4082,,,248165,2733904,1909854,,12,,,244622,3543,2661401,72503,ITF,ITF3
2021-02-19T17:00:00,ITA,15,Campania,40.83956555,14.25084984,1313,110,1423,67806,69229,47,1616,176457,4095,,,249781,2753612,1921145,,15,,,246087,3694,2678321,75291,ITF,ITF3
2021-02-20T17:00:00,ITA,15,Campania,40.83956555,14.25084984,1289,112,1401,68951,70352,1123,1677,177000,4106,,,251458,2774505,1935326,,17,,,247592,3866,2695976,78529,ITF,ITF3
2021-02-21T17:00:00,ITA,15,Campania,40.83956555,14.25084984,1300,120,1420,69874,71294,942,1658,177702,4120,,,253116,2794759,1948853,,18,,,249035,4081,2712815,81944,ITF,ITF3
2021-02-22T17:00:00,ITA,15,Campania,40.83956555,14.25084984,1319,125,1444,69808,71252,-42,1202,178925,4141,,,254318,2805856,1955767,,20,,,250155,4163,2722743,83113,ITF,ITF3
2021-02-23T17:00:00,ITA,15,Campania,40.83956555,14.25084984,1327,132,1459,69074,70533,-719,1436,181042,4179,,,255754,2820917,1959798,,22,,,251263,4491,2733595,87322,ITF,ITF3
2021-02-24T17:00:00,ITA,15,Campania,40.83956555,14.25084984,1319,130,1449,70381,71830,1297,2185,181890,4219,,,257939,2842283,1973219,,10,,,253145,4794,2751393,90890,ITF,ITF3
2021-02-25T17:00:00,ITA,15,Campania,40.83956555,14.25084984,1305,131,1436,71536,72972,1142,2385,183104,4248,,,260324,2865932,1988321,,12,,,255252,5072,2771145,94787,ITF,ITF3
2021-02-26T17:00:00,ITA,15,Campania,40.83956555,14.25084984,1294,144,1438,72263,73701,729,2519,184883,4259,,,262843,2888348,2001847,,18,,,257304,5539,2789411,98937,ITF,ITF3
2021-02-27T17:00:00,ITA,15,Campania,40.83956555,14.25084984,1301,138,1439,73552,74991,1290,2215,185794,4273,,,265058,2911080,2016532,,6,,,259308,5750,2807269,103811,ITF,ITF3
2021-02-28T17:00:00,ITA,15,Campania,40.83956555,14.25084984,1341,130,1471,75552,77023,2032,2561,186318,4278,,,267619,2935448,2033984,,5,,,261517,6102,2827403,108045,ITF,ITF3
2021-03-01T17:00:00,ITA,15,Campania,40.83956555,14.25084984,1337,140,1477,76476,77953,930,1896,187264,4298,,,269515,2950071,2043394,,14,,,263308,6207,2840851,109220,ITF,ITF3
2021-03-02T17:00:00,ITA,15,Campania,40.83956555,14.25084984,1360,133,1493,77792,79285,1332,2046,187942,4334,,,271561,2965331,2054196,,16,,,264934,6627,2853486,111845,ITF,ITF3
2021-03-03T17:00:00,ITA,15,Campania,40.83956555,14.25084984,1356,137,1493,79759,81252,1967,2635,188570,4374,,,274196,2991864,2070744,,18,,,267215,6981,2873236,118628,ITF,ITF3
2021-03-04T17:00:00,ITA,15,Campania,40.83956555,14.25084984,1357,140,1497,81461,82958,1706,2780,189604,4414,,,276976,3015852,2087073,,22,,,269668,7308,2893122,122730,ITF,ITF3
2021-03-05T17:00:00,ITA,15,Campania,40.83956555,14.25084984,1358,140,1498,83712,85210,2252,2842,190181,4427,,,279818,3041179,2103965,,14,,,272169,7649,2914048,127131,ITF,ITF3
2021-03-06T17:00:00,ITA,15,Campania,40.83956555,14.25084984,1385,148,1533,85900,87433,2223,2843,190777,4451,,,282661,3066706,2118676,,17,,,274607,8054,2934537,132169,ITF,ITF3
2021-03-07T17:00:00,ITA,15,Campania,40.83956555,14.25084984,1396,145,1541,88054,89595,2162,2560,191162,4464,,,285221,3091099,2135535,,14,,,276816,8405,2954409,136690,ITF,ITF3
2021-03-08T17:00:00,ITA,15,Campania,40.83956555,14.25084984,1425,148,1573,88334,89907,312,1644,192453,4505,,,286865,3102497,2141987,,14,,,278336,8529,2964357,138140,ITF,ITF3
2021-03-09T17:00:00,ITA,15,Campania,40.83956555,14.25084984,1444,144,1588,89645,91233,1326,2709,193791,4550,,,289574,3126088,2155989,,19,,,280596,8978,2982855,143233,ITF,ITF3
