data,stato,codice_regione,denominazione_regione,lat,long,ricoverati_con_sintomi,terapia_intensiva,totale_ospedalizzati,isolamento_domiciliare,totale_positivi,variazione_totale_positivi,nuovi_positivi,dimessi_guariti,deceduti,casi_da_sospetto_diagnostico,casi_da_screening,totale_casi,tamponi,casi_testati,note,ingressi_terapia_intensiva,note_test,note_casi
2020-02-24T18:00:00,ITA,12,Lazio,41.89277044,12.48366722,1,1,2,0,2,0,2,1,0,,,3,124,,,,,
2020-02-25T18:00:00,ITA,12,Lazio,41.89277044,12.48366722,1,1,2,0,2,0,0,1,0,,,3,124,,,,,
2020-02-26T18:00:00,ITA,12,Lazio,41.89277044,12.48366722,0,0,0,0,0,-2,0,3,0,,,3,124,,,,,
2020-02-27T18:00:00,ITA,12,Lazio,41.89277044,12.48366722,0,0,0,0,0,0,0,3,0,,,3,552,,,,,
2020-02-28T18:00:00,ITA,12,Lazio,41.89277044,12.48366722,0,0,0,0,0,0,0,3,0,,,3,611,,,,,
2020-02-29T17:00:00,ITA,12,Lazio,41.89277044,12.48366722,3,0,3,0,3,3,3,3,0,,,6,679,,,,,
2020-03-01T17:00:00,ITA,12,Lazio,41.89277044,12.48366722,3,0,3,0,3,0,0,3,0,,,6,724,,,,,
2020-03-02T18:00:00,ITA,12,Lazio,41.89277044,12.48366722,3,0,3,1,4,1,1,3,0,,,7,773,,,,,
2020-03-03T18:00:00,ITA,12,Lazio,41.89277044,12.48366722,10,0,10,1,11,7,7,3,0,,,14,877,,,,,
2020-03-04T17:00:00,ITA,12,Lazio,41.89277044,12.48366722,15,3,18,9,27,16,16,3,0,,,30,995,,,,,
2020-03-05T17:00:00,ITA,12,Lazio,41.89277044,12.48366722,20,7,27,14,41,14,14,3,0,,,44,1175,,,,,
2020-03-06T17:00:00,ITA,12,Lazio,41.89277044,12.48366722,26,8,34,16,50,9,10,3,1,,,54,1373,,,,,
2020-03-07T18:00:00,ITA,12,Lazio,41.89277044,12.48366722,43,8,51,21,72,22,22,3,1,,,76,1582,,,,,
2020-03-08T18:00:00,ITA,12,Lazio,41.89277044,12.48366722,47,8,55,26,81,9,11,3,3,,,87,1929,,,,,
2020-03-09T18:00:00,ITA,12,Lazio,41.89277044,12.48366722,55,8,63,31,94,13,15,3,5,,,102,1929,,,,,
2020-03-10T18:00:00,ITA,12,Lazio,41.89277044,12.48366722,50,15,65,34,99,5,14,11,6,,,116,3591,,,,,
2020-03-11T17:00:00,ITA,12,Lazio,41.89277044,12.48366722,67,18,85,40,125,26,34,19,6,,,150,3591,,,,,
2020-03-12T17:00:00,ITA,12,Lazio,41.89277044,12.48366722,85,20,105,67,172,47,50,19,9,,,200,5592,,,,,
2020-03-13T17:00:00,ITA,12,Lazio,41.89277044,12.48366722,122,24,146,96,242,70,77,24,11,,,277,6491,,,,,
2020-03-14T17:00:00,ITA,12,Lazio,41.89277044,12.48366722,181,25,206,114,320,78,80,24,13,,,357,7335,,,,,
2020-03-15T17:00:00,ITA,12,Lazio,41.89277044,12.48366722,223,31,254,142,396,76,79,24,16,,,436,8345,,,,,
2020-03-16T17:00:00,ITA,12,Lazio,41.89277044,12.48366722,267,31,298,174,472,76,87,32,19,,,523,9330,,,,,
2020-03-17T17:00:00,ITA,12,Lazio,41.89277044,12.48366722,314,44,358,192,550,78,84,34,23,,,607,9436,,,,,
2020-03-18T17:00:00,ITA,12,Lazio,41.89277044,12.48366722,374,44,418,232,650,100,117,42,32,,,724,11145,,,,,
2020-03-19T17:00:00,ITA,12,Lazio,41.89277044,12.48366722,426,45,471,270,741,91,99,44,38,,,823,11145,,,,,
2020-03-20T17:00:00,ITA,12,Lazio,41.89277044,12.48366722,537,47,584,328,912,171,185,53,43,,,1008,13889,,,,,
2020-03-21T17:00:00,ITA,12,Lazio,41.89277044,12.48366722,591,70,661,425,1086,174,182,54,50,,,1190,13889,,,,,
2020-03-22T17:00:00,ITA,12,Lazio,41.89277044,12.48366722,671,79,750,522,1272,186,193,58,53,,,1383,17845,,,,,
2020-03-23T17:00:00,ITA,12,Lazio,41.89277044,12.48366722,718,96,814,600,1414,142,157,63,63,,,1540,18371,,,,,
2020-03-24T17:00:00,ITA,12,Lazio,41.89277044,12.48366722,747,94,841,704,1545,131,188,103,80,,,1728,18371,,,,,
2020-03-25T17:00:00,ITA,12,Lazio,41.89277044,12.48366722,805,101,906,769,1675,130,173,131,95,,,1901,20669,,,,,
2020-03-26T17:00:00,ITA,12,Lazio,41.89277044,12.48366722,878,113,991,844,1835,160,195,155,106,,,2096,22771,,,,,
2020-03-27T17:00:00,ITA,12,Lazio,41.89277044,12.48366722,992,126,1118,895,2013,178,199,164,118,,,2295,24106,,,,,
2020-03-28T17:00:00,ITA,12,Lazio,41.89277044,12.48366722,985,133,1118,1063,2181,168,210,200,124,,,2505,27179,,,,,
2020-03-29T17:00:00,ITA,12,Lazio,41.89277044,12.48366722,1062,133,1195,1167,2362,181,201,208,136,,,2706,27744,,,,,
2020-03-30T17:00:00,ITA,12,Lazio,41.89277044,12.48366722,1079,154,1233,1264,2497,135,208,267,150,,,2914,32846,,,,,
2020-03-31T17:00:00,ITA,12,Lazio,41.89277044,12.48366722,1127,173,1300,1342,2642,145,181,291,162,,,3095,34677,,,,,
2020-04-01T17:00:00,ITA,12,Lazio,41.89277044,12.48366722,1131,177,1308,1450,2758,116,169,337,169,,,3264,35810,,,,,
2020-04-02T17:00:00,ITA,12,Lazio,41.89277044,12.48366722,1169,181,1350,1529,2879,121,169,369,185,,,3433,41575,,,,,
2020-04-03T17:00:00,ITA,12,Lazio,41.89277044,12.48366722,1194,188,1382,1627,3009,130,167,392,199,,,3600,43776,,,,,
2020-04-04T17:00:00,ITA,12,Lazio,41.89277044,12.48366722,1236,193,1429,1677,3106,97,157,439,212,,,3757,44624,,,,,
2020-04-05T17:00:00,ITA,12,Lazio,41.89277044,12.48366722,1235,197,1432,1754,3186,80,123,475,219,,,3880,44658,,,,,
2020-04-06T17:00:00,ITA,12,Lazio,41.89277044,12.48366722,1235,197,1432,1868,3300,114,151,502,229,,,4031,47470,,,,,
2020-04-07T17:00:00,ITA,12,Lazio,41.89277044,12.48366722,1229,192,1421,1944,3365,65,118,546,238,,,4149,48874,,,,,
2020-04-08T17:00:00,ITA,12,Lazio,41.89277044,12.48366722,1241,196,1437,2011,3448,83,117,574,244,,,4266,55113,,,,,
2020-04-09T17:00:00,ITA,12,Lazio,41.89277044,12.48366722,1244,198,1442,2090,3532,84,163,644,253,,,4429,58107,,,,,
2020-04-10T17:00:00,ITA,12,Lazio,41.89277044,12.48366722,1236,201,1437,2196,3633,101,154,687,263,,,4583,61769,,,,,
2020-04-11T17:00:00,ITA,12,Lazio,41.89277044,12.48366722,1264,203,1467,2263,3730,97,140,720,273,,,4723,65241,,,,,
2020-04-12T17:00:00,ITA,12,Lazio,41.89277044,12.48366722,1268,201,1469,2348,3817,87,122,749,279,,,4845,68954,,,,,
2020-04-13T17:00:00,ITA,12,Lazio,41.89277044,12.48366722,1314,200,1514,2406,3920,103,123,764,284,,,4968,72746,,,,,
2020-04-14T17:00:00,ITA,12,Lazio,41.89277044,12.48366722,1344,199,1543,2479,4022,102,143,789,300,,,5111,74650,,,,,
2020-04-15T17:00:00,ITA,12,Lazio,41.89277044,12.48366722,1342,196,1538,2509,4047,25,121,874,311,,,5232,75584,,,,,
2020-04-16T17:00:00,ITA,12,Lazio,41.89277044,12.48366722,1347,197,1544,2600,4144,97,148,920,316,,,5380,81993,,,,,
2020-04-17T17:00:00,ITA,12,Lazio,41.89277044,12.48366722,1332,187,1519,2695,4214,70,144,978,332,,,5524,84755,,,,,
2020-04-18T17:00:00,ITA,12,Lazio,41.89277044,12.48366722,1376,186,1562,2720,4282,68,144,1046,340,,,5668,89553,,,,,
2020-04-19T17:00:00,ITA,12,Lazio,41.89277044,12.48366722,1370,185,1555,2766,4321,39,87,1093,341,,,5755,91807,22702,,,,
2020-04-20T17:00:00,ITA,12,Lazio,41.89277044,12.48366722,1388,185,1573,2792,4365,44,60,1101,349,,,5815,97823,23067,,,,
2020-04-21T17:00:00,ITA,12,Lazio,41.89277044,12.48366722,1380,184,1564,2838,4402,37,80,1130,363,,,5895,100031,24046,,,,
2020-04-22T17:00:00,ITA,12,Lazio,41.89277044,12.48366722,1384,187,1571,2892,4463,61,80,1142,370,,,5975,104062,25244,,,,
2020-04-23T17:00:00,ITA,12,Lazio,41.89277044,12.48366722,1385,186,1571,2915,4486,23,79,1193,375,,,6054,111073,26298,pd-IT-0016,,,
2020-04-24T17:00:00,ITA,12,Lazio,41.89277044,12.48366722,1396,184,1580,2912,4492,6,78,1256,384,,,6132,114317,86545,,,,
2020-04-25T17:00:00,ITA,12,Lazio,41.89277044,12.48366722,1421,183,1604,2957,4561,69,92,1276,387,,,6224,118354,90582,,,,
2020-04-26T17:00:00,ITA,12,Lazio,41.89277044,12.48366722,1442,161,1603,2970,4573,12,85,1347,389,,,6309,121677,93811,,,,
2020-04-27T17:00:00,ITA,12,Lazio,41.89277044,12.48366722,1464,143,1607,2955,4562,-11,83,1433,397,,,6392,124769,95719,,,,
2020-04-28T17:00:00,ITA,12,Lazio,41.89277044,12.48366722,1468,132,1600,2962,4562,0,75,1491,414,,,6467,128664,98968,,,,
2020-04-29T17:00:00,ITA,12,Lazio,41.89277044,12.48366722,1445,130,1575,2960,4535,-27,78,1579,431,,,6545,133503,103435,,,,
2020-04-30T17:00:00,ITA,12,Lazio,41.89277044,12.48366722,1417,115,1532,2936,4468,-67,71,1707,441,,,6616,137596,107497,,,,
2020-05-01T17:00:00,ITA,12,Lazio,41.89277044,12.48366722,1372,105,1477,2969,4446,-22,56,1744,482,,,6672,143804,111988,dc-IT-0014,,,
2020-05-02T17:00:00,ITA,12,Lazio,41.89277044,12.48366722,1370,96,1466,2986,4452,6,84,1807,497,,,6756,147078,114761,,,,
2020-05-03T17:00:00,ITA,12,Lazio,41.89277044,12.48366722,1346,95,1441,2944,4385,-67,53,1916,508,,,6809,150912,117796,,,,
2020-05-04T17:00:00,ITA,12,Lazio,41.89277044,12.48366722,1335,95,1430,2955,4385,0,38,1938,524,,,6847,153293,120095,,,,
2020-05-05T17:00:00,ITA,12,Lazio,41.89277044,12.48366722,1315,91,1406,2964,4370,-15,67,2010,534,,,6914,157307,122541,,,,
2020-05-06T17:00:00,ITA,12,Lazio,41.89277044,12.48366722,1351,91,1442,2991,4433,63,81,2024,538,,,6995,160894,125897,,,,
2020-05-07T17:00:00,ITA,12,Lazio,41.89277044,12.48366722,1291,89,1380,2968,4348,-85,39,2143,543,,,7034,165340,130351,,,,
2020-05-08T17:00:00,ITA,12,Lazio,41.89277044,12.48366722,1278,84,1362,2966,4328,-20,52,2209,549,,,7086,169499,133674,,,,
2020-05-09T17:00:00,ITA,12,Lazio,41.89277044,12.48366722,1277,82,1359,2986,4345,17,47,2235,553,,,7133,174448,137428,,,,
2020-05-10T17:00:00,ITA,12,Lazio,41.89277044,12.48366722,1265,84,1349,2937,4286,-59,32,2322,557,,,7165,178569,141233,,,,
2020-05-11T17:00:00,ITA,12,Lazio,41.89277044,12.48366722,1266,83,1349,2945,4294,8,25,2334,562,,,7190,181398,143970,,,,
2020-05-12T17:00:00,ITA,12,Lazio,41.89277044,12.48366722,1258,84,1342,2931,4273,-21,22,2373,566,,,7212,185085,147010,,,,
2020-05-13T17:00:00,ITA,12,Lazio,41.89277044,12.48366722,1224,83,1307,2928,4235,-38,38,2438,577,,,7250,188632,150097,,,,
2020-05-14T17:00:00,ITA,12,Lazio,41.89277044,12.48366722,1178,79,1257,2839,4096,-139,41,2600,595,,,7291,192917,153894,,,,
2020-05-15T17:00:00,ITA,12,Lazio,41.89277044,12.48366722,1173,79,1252,2836,4088,-8,73,2672,604,,,7364,197599,157880,dc-IT-0030,,,
2020-05-16T17:00:00,ITA,12,Lazio,41.89277044,12.48366722,1156,76,1232,2790,4022,-66,32,2758,616,,,7396,201938,161405,,,,
2020-05-17T17:00:00,ITA,12,Lazio,41.89277044,12.48366722,1150,74,1224,2686,3910,-112,50,2914,622,,,7446,206166,164779,,,,
2020-05-18T17:00:00,ITA,12,Lazio,41.89277044,12.48366722,1137,73,1210,2616,3826,-84,39,3031,628,,,7485,209472,167859,,,,
2020-05-19T17:00:00,ITA,12,Lazio,41.89277044,12.48366722,1124,74,1198,2588,3786,-40,20,3079,640,,,7505,213877,171353,,,,
2020-05-20T17:00:00,ITA,12,Lazio,41.89277044,12.48366722,1119,74,1193,2593,3786,0,28,3100,647,,,7533,217849,173903,,,,
2020-05-21T17:00:00,ITA,12,Lazio,41.89277044,12.48366722,1110,68,1178,2459,3637,-149,25,3259,662,,,7558,222071,177749,,,,
2020-05-22T17:00:00,ITA,12,Lazio,41.89277044,12.48366722,1111,67,1178,2457,3635,-2,31,3285,669,,,7589,227090,182266,,,,
2020-05-23T17:00:00,ITA,12,Lazio,41.89277044,12.48366722,1097,60,1157,2424,3581,-54,18,3350,676,,,7607,230743,185285,,,,
2020-05-24T17:00:00,ITA,12,Lazio,41.89277044,12.48366722,1088,61,1149,2420,3569,-12,20,3374,684,,,7627,233498,187994,,,,
2020-05-25T17:00:00,ITA,12,Lazio,41.89277044,12.48366722,1085,60,1145,2409,3554,-15,16,3401,688,,,7643,235840,190052,,,,
2020-05-26T17:00:00,ITA,12,Lazio,41.89277044,12.48366722,1083,59,1142,2396,3538,-16,18,3430,693,,,7661,238967,192591,,,,
2020-05-27T17:00:00,ITA,12,Lazio,41.89277044,12.48366722,1062,65,1127,2361,3488,-50,11,3483,701,,,7672,242287,195001,,,,
2020-05-28T17:00:00,ITA,12,Lazio,41.89277044,12.48366722,1035,64,1099,2306,3405,-83,21,3580,708,,,7693,245993,198207,,,,
2020-05-29T17:00:00,ITA,12,Lazio,41.89277044,12.48366722,817,59,876,2287,3163,-242,16,3825,721,,,7709,249267,201082,,,,
2020-05-30T17:00:00,ITA,12,Lazio,41.89277044,12.48366722,769,58,827,2228,3055,-108,6,3932,728,,,7715,253388,204232,,,,
2020-05-31T17:00:00,ITA,12,Lazio,41.89277044,12.48366722,730,57,787,2196,2983,-72,13,4010,735,,,7728,255474,206235,,,,
2020-06-01T17:00:00,ITA,12,Lazio,41.89277044,12.48366722,594,56,650,2244,2894,-89,10,4105,739,,,7738,257563,208081,,,,
2020-06-02T17:00:00,ITA,12,Lazio,41.89277044,12.48366722,580,56,636,2211,2847,-47,5,4155,741,,,7743,260102,209892,,,,
2020-06-03T17:00:00,ITA,12,Lazio,41.89277044,12.48366722,519,51,570,2248,2818,-29,10,4188,747,,,7753,262461,211669,,,,
2020-06-04T17:00:00,ITA,12,Lazio,41.89277044,12.48366722,488,51,539,2215,2754,-64,11,4260,750,,,7764,265380,214051,,,,
2020-06-05T17:00:00,ITA,12,Lazio,41.89277044,12.48366722,480,51,531,2179,2710,-44,9,4309,754,,,7773,268561,216743,,,,
2020-06-06T17:00:00,ITA,12,Lazio,41.89277044,12.48366722,477,49,526,2171,2697,-13,28,4346,758,,,7801,271662,219363,,,,
2020-06-07T17:00:00,ITA,12,Lazio,41.89277044,12.48366722,467,49,516,2174,2690,-7,11,4362,760,,,7812,274129,221612,,,,
2020-06-08T17:00:00,ITA,12,Lazio,41.89277044,12.48366722,466,49,515,2100,2615,-75,16,4450,763,,,7828,275885,222963,,,,
2020-06-09T17:00:00,ITA,12,Lazio,41.89277044,12.48366722,462,47,509,2061,2570,-45,23,4515,766,,,7851,279572,225930,,,,
2020-06-10T17:00:00,ITA,12,Lazio,41.89277044,12.48366722,368,47,415,2151,2566,-4,18,4533,770,,,7869,283630,229513,,,,
2020-06-11T17:00:00,ITA,12,Lazio,41.89277044,12.48366722,320,46,366,2151,2517,-49,20,4596,776,,,7889,287888,233158,,,,
2020-06-12T17:00:00,ITA,12,Lazio,41.89277044,12.48366722,293,47,340,1882,2222,-295,27,4913,781,,,7916,291869,237100,,,,
2020-06-13T17:00:00,ITA,12,Lazio,41.89277044,12.48366722,303,45,348,1009,1357,-865,25,5778,806,,,7941,294654,239788,dc-IT-0048,,,
2020-06-14T17:00:00,ITA,12,Lazio,41.89277044,12.48366722,305,37,342,980,1322,-35,14,5825,808,,,7955,297615,242245,,,,
2020-06-15T17:00:00,ITA,12,Lazio,41.89277044,12.48366722,304,37,341,951,1292,-30,3,5855,811,,,7958,299590,243805,,,,
2020-06-16T17:00:00,ITA,12,Lazio,41.89277044,12.48366722,308,38,346,783,1129,-163,9,6024,814,,,7967,302305,245960,,,,
2020-06-17T17:00:00,ITA,12,Lazio,41.89277044,12.48366722,284,38,322,717,1039,-90,10,6120,818,,,7977,305906,248746,,,,
2020-06-18T17:00:00,ITA,12,Lazio,41.89277044,12.48366722,261,38,299,698,997,-42,9,6167,822,,,7986,309169,251673,,,,
2020-06-19T17:00:00,ITA,12,Lazio,41.89277044,12.48366722,247,38,285,703,988,-9,9,6181,826,,,7995,312708,254525,,,,
2020-06-20T17:00:00,ITA,12,Lazio,41.89277044,12.48366722,247,39,286,701,987,-1,14,6195,827,,,8009,316109,257265,,,,
2020-06-21T17:00:00,ITA,12,Lazio,41.89277044,12.48366722,247,39,286,705,991,4,8,6199,827,,,8017,318264,259128,,,,
2020-06-22T17:00:00,ITA,12,Lazio,41.89277044,12.48366722,201,23,224,721,945,-46,8,6250,830,,,8025,319581,260369,,,,
2020-06-23T17:00:00,ITA,12,Lazio,41.89277044,12.48366722,184,16,200,686,886,-59,8,6315,832,,,8033,322341,263506,,,,
2020-06-24T17:00:00,ITA,12,Lazio,41.89277044,12.48366722,181,13,194,675,869,-17,6,6337,833,,,8039,324492,265507,,,,
2020-06-25T17:00:00,ITA,12,Lazio,41.89277044,12.48366722,181,12,193,669,862,-7,12,6354,835,5969,2082,8051,326651,267089,,,,
2020-06-26T17:00:00,ITA,12,Lazio,41.89277044,12.48366722,185,13,198,618,816,-46,13,6412,836,5971,2093,8064,329074,269189,,,,
2020-06-27T17:00:00,ITA,12,Lazio,41.89277044,12.48366722,185,13,198,629,827,11,18,6418,837,5977,2105,8082,331599,271209,,,,
2020-06-28T17:00:00,ITA,12,Lazio,41.89277044,12.48366722,187,13,200,641,841,14,14,6418,837,5983,2113,8096,333852,272915,,,,
2020-06-29T17:00:00,ITA,12,Lazio,41.89277044,12.48366722,190,13,203,637,840,-1,9,6428,837,5987,2118,8105,335751,274704,,,,
2020-06-30T17:00:00,ITA,12,Lazio,41.89277044,12.48366722,189,13,202,634,836,-4,5,6437,837,5990,2120,8110,338035,276640,,,,
2020-07-01T17:00:00,ITA,12,Lazio,41.89277044,12.48366722,190,12,202,630,832,-4,9,6448,839,5996,2123,8119,341083,279387,,,,
2020-07-02T17:00:00,ITA,12,Lazio,41.89277044,12.48366722,188,11,199,632,831,-1,11,6460,839,6000,2130,8130,343882,281743,,,,
2020-07-03T17:00:00,ITA,12,Lazio,41.89277044,12.48366722,188,11,199,627,826,-5,11,6475,840,6008,2133,8141,346239,283710,,,,
2020-07-04T17:00:00,ITA,12,Lazio,41.89277044,12.48366722,197,11,208,646,854,28,31,6477,841,6019,2153,8172,348633,285697,,,,
2020-07-05T17:00:00,ITA,12,Lazio,41.89277044,12.48366722,199,11,210,651,861,7,14,6484,841,6025,2161,8186,350978,287673,,,,
2020-07-06T17:00:00,ITA,12,Lazio,41.89277044,12.48366722,200,12,212,658,870,9,19,6493,842,6035,2170,8205,353276,289493,,,,
2020-07-07T17:00:00,ITA,12,Lazio,41.89277044,12.48366722,202,13,215,658,873,3,5,6495,842,6035,2175,8210,355305,291236,,,,
2020-07-08T17:00:00,ITA,12,Lazio,41.89277044,12.48366722,198,13,211,663,874,1,14,6508,842,6043,2181,8224,357307,293031,,,,
2020-07-09T17:00:00,ITA,12,Lazio,41.89277044,12.48366722,198,13,211,678,889,15,28,6520,843,6053,2199,8252,359842,295193,,,,
2020-07-10T17:00:00,ITA,12,Lazio,41.89277044,12.48366722,197,13,210,691,901,12,23,6530,844,6063,2212,8275,362312,297217,,,,
2020-07-11T17:00:00,ITA,12,Lazio,41.89277044,12.48366722,198,13,211,704,915,14,19,6535,844,6065,2229,8294,364876,299223,,,,
2020-07-12T17:00:00,ITA,12,Lazio,41.89277044,12.48366722,197,12,209,704,913,-2,20,6557,844,6069,2245,8314,367461,301453,,,,
2020-07-13T17:00:00,ITA,12,Lazio,41.89277044,12.48366722,191,11,202,690,892,-21,24,6601,845,6076,2262,8338,370462,304024,,,,
2020-07-14T17:00:00,ITA,12,Lazio,41.89277044,12.48366722,188,10,198,696,894,2,18,6616,846,6086,2270,8356,373026,306387,,,,
2020-07-15T17:00:00,ITA,12,Lazio,41.89277044,12.48366722,190,10,200,698,898,4,20,6631,847,6096,2280,8376,375364,308504,,,,
2020-07-16T17:00:00,ITA,12,Lazio,41.89277044,12.48366722,175,9,184,666,850,-48,9,6687,848,6100,2285,8385,377936,310829,,,,
2020-07-17T17:00:00,ITA,12,Lazio,41.89277044,12.48366722,175,9,184,668,852,2,14,6698,849,6105,2294,8399,381039,313544,,,,
2020-07-18T17:00:00,ITA,12,Lazio,41.89277044,12.48366722,174,9,183,683,866,14,20,6703,850,6115,2304,8419,384054,316173,,,,
2020-07-19T17:00:00,ITA,12,Lazio,41.89277044,12.48366722,180,9,189,683,872,6,17,6713,851,6121,2315,8436,387113,318945,,,,
2020-07-20T17:00:00,ITA,12,Lazio,41.89277044,12.48366722,175,9,184,701,885,13,14,6714,851,6128,2322,8450,389441,321110,,,,
2020-07-21T17:00:00,ITA,12,Lazio,41.89277044,12.48366722,175,9,184,697,881,-4,6,6722,853,6128,2328,8456,391123,322181,,,,
2020-07-22T17:00:00,ITA,12,Lazio,41.89277044,12.48366722,174,9,183,706,889,8,16,6728,855,6131,2341,8472,394124,324963,,,,
2020-07-23T17:00:00,ITA,12,Lazio,41.89277044,12.48366722,180,9,189,718,907,18,26,6735,856,6148,2350,8498,397055,327552,,,,
2020-07-24T17:00:00,ITA,12,Lazio,41.89277044,12.48366722,184,9,193,723,916,9,18,6743,857,6155,2361,8516,399130,329353,,,,
2020-07-25T17:00:00,ITA,12,Lazio,41.89277044,12.48366722,186,9,195,733,928,12,19,6749,858,6162,2373,8535,402012,331790,,,,
2020-07-26T17:00:00,ITA,12,Lazio,41.89277044,12.48366722,189,9,198,737,935,7,19,6759,860,6163,2391,8554,404785,334242,,,,
2020-07-27T17:00:00,ITA,12,Lazio,41.89277044,12.48366722,193,9,202,742,944,9,13,6762,861,6172,2395,8567,407440,336276,,,,
2020-07-28T17:00:00,ITA,12,Lazio,41.89277044,12.48366722,194,9,203,739,942,-2,10,6773,862,6175,2402,8577,409189,337657,,,,
2020-07-29T17:00:00,ITA,12,Lazio,41.89277044,12.48366722,198,9,207,762,969,27,34,6780,862,6187,2424,8611,412018,339954,,,,
2020-07-30T17:00:00,ITA,12,Lazio,41.89277044,12.48366722,188,9,197,740,937,-32,18,6829,863,6193,2436,8629,414397,341764,,,,
2020-07-31T17:00:00,ITA,12,Lazio,41.89277044,12.48366722,183,9,192,753,945,8,18,6839,863,6197,2450,8647,416921,343670,,,,
2020-08-01T17:00:00,ITA,12,Lazio,41.89277044,12.48366722,172,9,181,769,950,5,18,6852,863,6198,2467,8665,419071,345548,,,,
2020-08-02T17:00:00,ITA,12,Lazio,41.89277044,12.48366722,176,9,185,779,964,14,17,6855,863,6203,2479,8682,421864,347749,,,,
2020-08-03T17:00:00,ITA,12,Lazio,41.89277044,12.48366722,174,9,183,791,974,10,15,6859,864,6209,2488,8697,424283,349522,,,,
2020-08-04T17:00:00,ITA,12,Lazio,41.89277044,12.48366722,179,8,187,800,987,13,17,6863,864,6219,2495,8714,426671,351191,,,,
2020-08-05T17:00:00,ITA,12,Lazio,41.89277044,12.48366722,188,7,195,788,983,-4,12,6878,865,6220,2506,8726,429548,353130,,,,
2020-08-06T17:00:00,ITA,12,Lazio,41.89277044,12.48366722,185,8,193,800,993,10,18,6886,865,6223,2521,8744,433176,355838,,,,
2020-08-07T17:00:00,ITA,12,Lazio,41.89277044,12.48366722,184,8,192,816,1008,15,20,6891,865,6231,2533,8764,435517,357556,,,,
2020-08-08T17:00:00,ITA,12,Lazio,41.89277044,12.48366722,189,8,197,820,1017,9,20,6901,866,6239,2545,8784,437898,359225,,,,
2020-08-09T17:00:00,ITA,12,Lazio,41.89277044,12.48366722,189,8,197,849,1046,29,38,6910,866,6251,2571,8822,440510,361238,,,,
2020-08-10T17:00:00,ITA,12,Lazio,41.89277044,12.48366722,195,8,203,878,1081,35,38,6912,867,6260,2600,8860,442833,362827,,,,
2020-08-11T17:00:00,ITA,12,Lazio,41.89277044,12.48366722,203,9,212,889,1101,20,23,6915,867,6264,2619,8883,444980,364395,,,,
2020-08-12T17:00:00,ITA,12,Lazio,41.89277044,12.48366722,190,9,199,922,1121,20,37,6931,868,6276,2644,8920,447675,366246,,,,
2020-08-13T17:00:00,ITA,12,Lazio,41.89277044,12.48366722,195,9,204,923,1127,6,36,6960,869,6290,2666,8956,449886,367897,,,,
2020-08-14T17:00:00,ITA,12,Lazio,41.89277044,12.48366722,192,9,201,964,1165,38,45,6966,870,6296,2705,9001,452336,369749,,,,
2020-08-15T17:00:00,ITA,12,Lazio,41.89277044,12.48366722,193,9,202,1016,1218,53,58,6971,870,6308,2751,9059,454938,371681,,,,
2020-08-16T17:00:00,ITA,12,Lazio,41.89277044,12.48366722,204,9,213,1071,1284,66,68,6973,870,6320,2807,9127,457954,373861,,,,
2020-08-17T17:00:00,ITA,12,Lazio,41.89277044,12.48366722,212,9,221,1108,1329,45,51,6979,870,6326,2852,9178,460225,375815,,,,
2020-08-18T17:00:00,ITA,12,Lazio,41.89277044,12.48366722,218,6,224,1135,1359,30,43,6991,871,6332,2889,9221,463468,378384,,,,
2020-08-19T17:00:00,ITA,12,Lazio,41.89277044,12.48366722,229,6,235,1194,1429,70,75,6996,871,6348,2948,9296,468319,382387,,,,
2020-08-20T17:00:00,ITA,12,Lazio,41.89277044,12.48366722,238,6,244,1296,1540,111,115,6999,872,6379,3032,9411,473898,387285,,,,
2020-08-21T17:00:00,ITA,12,Lazio,41.89277044,12.48366722,248,6,254,1412,1666,126,137,7009,873,6407,3141,9548,480482,392577,,,,
2020-08-22T17:00:00,ITA,12,Lazio,41.89277044,12.48366722,265,6,271,1599,1870,204,215,7020,873,6435,3328,9763,488274,397550,,,,
2020-08-23T17:00:00,ITA,12,Lazio,41.89277044,12.48366722,286,6,292,1735,2027,157,184,7046,874,6468,3479,9947,496648,404727,,,,
2020-08-24T17:00:00,ITA,12,Lazio,41.89277044,12.48366722,299,6,305,1846,2151,124,146,7067,875,6509,3584,10093,502648,409290,,,,
2020-08-25T17:00:00,ITA,12,Lazio,41.89277044,12.48366722,281,6,287,1997,2284,133,143,7077,875,6530,3706,10236,511984,417490,,,,
2020-08-26T17:00:00,ITA,12,Lazio,41.89277044,12.48366722,263,6,269,2143,2412,128,162,7110,876,6554,3844,10398,520992,424488,,,,
2020-08-27T17:00:00,ITA,12,Lazio,41.89277044,12.48366722,268,6,274,2281,2555,143,152,7118,877,6576,3974,10550,531582,431825,,,,
2020-08-28T17:00:00,ITA,12,Lazio,41.89277044,12.48366722,283,6,289,2427,2716,161,166,7122,878,6611,4105,10716,545595,444539,,,,
2020-08-29T17:00:00,ITA,12,Lazio,41.89277044,12.48366722,293,8,301,2581,2882,166,171,7127,878,6643,4244,10887,558605,455146,,,,
2020-08-30T17:00:00,ITA,12,Lazio,41.89277044,12.48366722,310,7,317,2718,3035,153,156,7130,878,6686,4357,11043,571389,466475,,,,
2020-08-31T17:00:00,ITA,12,Lazio,41.89277044,12.48366722,328,7,335,2839,3174,139,148,7139,878,6686,4505,11191,584482,477920,,,,
2020-09-01T17:00:00,ITA,12,Lazio,41.89277044,12.48366722,336,8,344,2941,3285,111,125,7153,878,6711,4605,11316,594552,486744,,,,
2020-09-02T17:00:00,ITA,12,Lazio,41.89277044,12.48366722,343,9,352,3055,3407,122,130,7161,878,6737,4709,11446,605096,495791,,,,
2020-09-03T17:00:00,ITA,12,Lazio,41.89277044,12.48366722,351,9,360,3184,3544,137,154,7177,879,6769,4831,11600,616425,506670,,,,
2020-09-04T17:00:00,ITA,12,Lazio,41.89277044,12.48366722,363,9,372,3316,3688,144,171,7204,879,6805,4966,11771,628169,517073,,,,
2020-09-05T17:00:00,ITA,12,Lazio,41.89277044,12.48366722,344,11,355,3452,3807,119,158,7242,880,6828,5101,11929,639909,526843,,,,
2020-09-06T17:00:00,ITA,12,Lazio,41.89277044,12.48366722,355,10,365,3548,3913,106,122,7257,881,6853,5198,12051,650695,536609,,,,
2020-09-07T17:00:00,ITA,12,Lazio,41.89277044,12.48366722,359,9,368,3667,4035,122,159,7294,881,6890,5320,12210,659927,545694,,,,
2020-09-08T17:00:00,ITA,12,Lazio,41.89277044,12.48366722,354,9,363,3761,4124,89,129,7334,881,6909,5430,12339,669290,554654,,,,
2020-09-09T17:00:00,ITA,12,Lazio,41.89277044,12.48366722,358,9,367,3903,4270,146,175,7363,881,6943,5571,12514,678461,563118,,,,
2020-09-10T17:00:00,ITA,12,Lazio,41.89277044,12.48366722,372,9,381,4001,4382,112,163,7413,882,6968,5709,12677,688893,571817,,,,
2020-09-11T17:00:00,ITA,12,Lazio,41.89277044,12.48366722,365,14,379,4097,4476,94,148,7466,883,7007,5818,12825,700514,581864,,,,
2020-09-12T17:00:00,ITA,12,Lazio,41.89277044,12.48366722,401,16,417,4204,4621,145,155,7475,884,7050,5930,12980,710853,590692,,,,
2020-09-13T17:00:00,ITA,12,Lazio,41.89277044,12.48366722,424,17,441,4314,4755,134,143,7483,885,7086,6037,13123,720433,598963,,,,
2020-09-14T17:00:00,ITA,12,Lazio,41.89277044,12.48366722,410,17,427,4469,4896,141,181,7523,885,7136,6168,13304,729251,606736,,,,
2020-09-15T17:00:00,ITA,12,Lazio,41.89277044,12.48366722,453,18,471,4526,4997,101,139,7559,887,7165,6278,13443,736978,614394,,,,
2020-09-16T17:00:00,ITA,12,Lazio,41.89277044,12.48366722,467,18,485,4643,5128,131,165,7593,887,7208,6400,13608,744889,621049,,,,
2020-09-17T17:00:00,ITA,12,Lazio,41.89277044,12.48366722,492,16,508,4775,5283,155,181,7617,889,7259,6530,13789,754270,629051,,,,
2020-09-18T17:00:00,ITA,12,Lazio,41.89277044,12.48366722,459,17,476,4937,5413,130,193,7680,889,7306,6676,13982,764828,637844,,,,
2020-09-19T17:00:00,ITA,12,Lazio,41.89277044,12.48366722,445,22,467,5071,5538,125,197,7751,890,7376,6803,14179,774925,646453,,,,
2020-09-20T17:00:00,ITA,12,Lazio,41.89277044,12.48366722,422,23,445,5244,5689,151,165,7765,890,7410,6934,14344,784389,655297,,,,
2020-09-21T17:00:00,ITA,12,Lazio,41.89277044,12.48366722,466,27,493,5347,5840,151,198,7807,895,7467,7075,14542,792675,662743,,,,
2020-09-22T17:00:00,ITA,12,Lazio,41.89277044,12.48366722,482,31,513,5517,6030,190,238,7851,899,7552,7228,14780,801697,669956,,,,
2020-09-23T17:00:00,ITA,12,Lazio,41.89277044,12.48366722,521,32,553,5631,6184,154,195,7889,902,7603,7372,14975,810809,678371,,,,
2020-09-24T17:00:00,ITA,12,Lazio,41.89277044,12.48366722,544,35,579,5768,6347,163,230,7956,902,7676,7529,15205,820760,686623,,,,
2020-09-25T17:00:00,ITA,12,Lazio,41.89277044,12.48366722,563,36,599,5892,6491,144,230,8040,904,7739,7696,15435,831786,695956,,,,
2020-09-26T17:00:00,ITA,12,Lazio,41.89277044,12.48366722,591,35,626,6041,6667,176,219,8081,906,7797,7857,15654,841577,703206,,,,
2020-09-27T17:00:00,ITA,12,Lazio,41.89277044,12.48366722,610,38,648,6161,6809,142,181,8119,907,7866,7969,15835,850428,710057,,,,
2020-09-28T17:00:00,ITA,12,Lazio,41.89277044,12.48366722,640,41,681,6240,6921,112,211,8215,910,7929,8117,16046,858334,716730,,,,
2020-09-29T17:00:00,ITA,12,Lazio,41.89277044,12.48366722,674,45,719,6330,7049,128,219,8303,913,7999,8266,16265,867704,724000,,,,
2020-09-30T17:00:00,ITA,12,Lazio,41.89277044,12.48366722,659,47,706,6442,7148,99,210,8409,918,8086,8389,16475,878047,732123,,,,
2020-10-01T17:00:00,ITA,12,Lazio,41.89277044,12.48366722,666,49,715,6628,7343,195,265,8474,923,8177,8563,16740,889420,740268,,,,
2020-10-02T17:00:00,ITA,12,Lazio,41.89277044,12.48366722,678,49,727,6820,7547,204,264,8529,928,8258,8746,17004,901372,749852,,,,
2020-10-03T17:00:00,ITA,12,Lazio,41.89277044,12.48366722,711,47,758,6967,7725,178,261,8607,933,8335,8930,17265,914721,759903,,,,
2020-10-04T17:00:00,ITA,12,Lazio,41.89277044,12.48366722,737,48,785,7148,7933,208,244,8637,939,8425,9084,17509,926458,768942,,,,
2020-10-05T17:00:00,ITA,12,Lazio,41.89277044,12.48366722,764,48,812,7330,8142,209,248,8671,944,8505,9252,17757,937860,778041,,,,
2020-10-06T17:00:00,ITA,12,Lazio,41.89277044,12.48366722,774,44,818,7472,8290,148,275,8794,948,8611,9421,18032,948715,786768,,,,
2020-10-07T17:00:00,ITA,12,Lazio,41.89277044,12.48366722,808,48,856,7724,8580,290,357,8855,954,8713,9676,18389,960623,795451,,,,
2020-10-08T17:00:00,ITA,12,Lazio,41.89277044,12.48366722,821,55,876,7976,8852,272,359,8936,960,8845,9903,18748,973956,805125,,,,
2020-10-09T17:00:00,ITA,12,Lazio,41.89277044,12.48366722,853,57,910,8276,9186,334,387,8983,966,8987,10148,19135,988395,815474,,,,
2020-10-10T17:00:00,ITA,12,Lazio,41.89277044,12.48366722,884,57,941,8564,9505,319,384,9042,972,9070,10449,19519,1002753,826222,,,,
2020-10-11T17:00:00,ITA,12,Lazio,41.89277044,12.48366722,911,69,980,8862,9842,337,371,9072,976,9236,10654,19890,1015486,836669,,,,
2020-10-12T17:00:00,ITA,12,Lazio,41.89277044,12.48366722,927,78,1005,9117,10122,280,395,9179,984,9280,11005,20285,1029316,849390,,,,
2020-10-13T17:00:00,ITA,12,Lazio,41.89277044,12.48366722,896,83,979,9658,10637,515,579,9238,989,9457,11407,20864,1044724,861669,,,,
2020-10-14T17:00:00,ITA,12,Lazio,41.89277044,12.48366722,937,85,1022,10041,11063,426,543,9350,994,9644,11763,21407,1060208,872710,,,,
2020-10-15T17:00:00,ITA,12,Lazio,41.89277044,12.48366722,969,90,1059,10546,11605,542,594,9395,1001,9823,12178,22001,1076138,884989,,,,
2020-10-16T17:00:00,ITA,12,Lazio,41.89277044,12.48366722,1004,98,1102,11215,12317,712,795,9473,1006,10030,12766,22796,1095576,901184,,,,
2020-10-17T17:00:00,ITA,12,Lazio,41.89277044,12.48366722,1043,98,1141,12096,13237,920,994,9535,1018,10392,13398,23790,1123324,924313,,,,
2020-10-18T17:00:00,ITA,12,Lazio,41.89277044,12.48366722,1085,99,1184,13196,14380,1143,1198,9584,1024,10930,14058,24988,1146334,941774,,,,
2020-10-19T17:00:00,ITA,12,Lazio,41.89277044,12.48366722,1130,111,1241,13950,15191,811,939,9703,1033,11105,14822,25927,1163907,954419,,,,
2020-10-20T17:00:00,ITA,12,Lazio,41.89277044,12.48366722,1196,123,1319,15014,16333,1142,1224,9780,1038,11206,15945,27151,1185024,969373,,,,
2020-10-21T17:00:00,ITA,12,Lazio,41.89277044,12.48366722,1226,129,1355,16048,17403,1070,1219,9913,1054,11598,16772,28370,1205529,984926,,,,
2020-10-22T17:00:00,ITA,12,Lazio,41.89277044,12.48366722,1293,131,1424,17107,18531,1128,1251,10020,1070,11986,17635,29621,1227104,1002866,,,,
2020-10-23T17:00:00,ITA,12,Lazio,41.89277044,12.48366722,1354,135,1489,18332,19821,1290,1389,10108,1081,12311,18699,31010,1249561,1021323,,,,
2020-10-24T17:00:00,ITA,12,Lazio,41.89277044,12.48366722,1438,141,1579,19826,21405,1584,1687,10202,1090,12775,19922,32697,1272340,1041123,,,,
2020-10-25T17:00:00,ITA,12,Lazio,41.89277044,12.48366722,1476,146,1622,21193,22815,1410,1541,10323,1100,13165,21073,34238,1294172,1057293,,,,
2020-10-26T17:00:00,ITA,12,Lazio,41.89277044,12.48366722,1599,158,1757,22649,24406,1591,1698,10414,1116,13424,22512,35936,1313163,1071581,,,,
2020-10-27T17:00:00,ITA,12,Lazio,41.89277044,12.48366722,1632,166,1798,24344,26142,1736,1993,10648,1139,14055,23874,37929,1338385,1091869,,,,
2020-10-28T17:00:00,ITA,12,Lazio,41.89277044,12.48366722,1669,166,1835,26111,27946,1804,1963,10788,1158,14597,25295,39892,1361332,1111817,,,,
2020-10-29T17:00:00,ITA,12,Lazio,41.89277044,12.48366722,1786,168,1954,27758,29712,1766,1995,11002,1173,14932,26955,41887,1386496,1132105,,,,
2020-10-30T17:00:00,ITA,12,Lazio,41.89277044,12.48366722,1873,175,2048,29699,31747,2035,2246,11196,1190,15572,28561,44133,1411900,1152217,,,,
2020-10-31T17:00:00,ITA,12,Lazio,41.89277044,12.48366722,1944,182,2126,31780,33906,2159,2289,11304,1212,15979,30443,46422,1437667,1174268,,,,
2020-11-01T17:00:00,ITA,12,Lazio,41.89277044,12.48366722,2055,185,2240,33866,36106,2200,2351,11436,1231,16314,32459,48773,1460609,1192749,,,,
2020-11-02T17:00:00,ITA,12,Lazio,41.89277044,12.48366722,2032,185,2217,35566,37783,1677,1859,11595,1254,16636,33996,50632,1480183,1207323,,,,
2020-11-03T17:00:00,ITA,12,Lazio,41.89277044,12.48366722,2192,197,2389,37340,39729,1946,2209,11837,1275,17037,35804,52841,1505664,1227238,,,,
2020-11-04T17:00:00,ITA,12,Lazio,41.89277044,12.48366722,2317,217,2534,39349,41883,2154,2432,12081,1309,17863,37410,55273,1532276,1249929,,,,
2020-11-05T17:00:00,ITA,12,Lazio,41.89277044,12.48366722,2508,222,2730,41560,44290,2407,2735,12374,1344,18498,39510,58008,1562559,1275067,,,,
2020-11-06T17:00:00,ITA,12,Lazio,41.89277044,12.48366722,2511,234,2745,43939,46684,2394,2699,12653,1370,19176,41531,60707,1591303,1296386,,,,
2020-11-07T17:00:00,ITA,12,Lazio,41.89277044,12.48366722,2619,237,2856,46180,49036,2352,2618,12892,1397,19717,43608,63325,1621947,1322844,,,,
2020-11-08T17:00:00,ITA,12,Lazio,41.89277044,12.48366722,2686,237,2923,48455,51378,2342,2489,13023,1413,20086,45728,65814,1646433,1341488,,,,
2020-11-09T17:00:00,ITA,12,Lazio,41.89277044,12.48366722,2761,237,2998,50276,53274,1896,2153,13264,1429,20643,47324,67967,1668951,1357006,,,,
2020-11-10T17:00:00,ITA,12,Lazio,41.89277044,12.48366722,2785,257,3042,52547,55589,2315,2608,13521,1465,21398,49177,70575,1698266,1381230,,,,
2020-11-11T17:00:00,ITA,12,Lazio,41.89277044,12.48366722,2913,255,3168,54415,57583,1994,2479,13968,1503,22020,51034,73054,1724820,1403357,,,,
2020-11-12T17:00:00,ITA,12,Lazio,41.89277044,12.48366722,2953,259,3212,56707,59919,2336,2686,14269,1552,22720,53020,75740,1753939,1425173,,,,
2020-11-13T17:00:00,ITA,12,Lazio,41.89277044,12.48366722,3018,260,3278,59121,62399,2480,2925,14680,1586,23675,54990,78665,1782248,1446989,,,,
2020-11-14T17:00:00,ITA,12,Lazio,41.89277044,12.48366722,3076,273,3349,61609,64958,2559,2997,15079,1625,24255,57407,81662,1812070,1471685,,,,
2020-11-15T17:00:00,ITA,12,Lazio,41.89277044,12.48366722,3159,274,3433,63876,67309,2351,2612,15319,1646,24803,59471,84274,1834504,1490435,,,,
2020-11-16T17:00:00,ITA,12,Lazio,41.89277044,12.48366722,3099,278,3377,65893,69270,1961,2407,15731,1680,24948,61733,86681,1854203,1503973,,,,
2020-11-17T17:00:00,ITA,12,Lazio,41.89277044,12.48366722,3066,308,3374,67881,71255,1985,2538,16225,1739,25547,63672,89219,1879261,1524981,,,,
2020-11-18T17:00:00,ITA,12,Lazio,41.89277044,12.48366722,3056,318,3374,70117,73491,2236,2866,16775,1819,27091,64994,92085,1906130,1546539,,,,
2020-11-19T17:00:00,ITA,12,Lazio,41.89277044,12.48366722,3103,329,3432,72109,75541,2050,2697,17361,1880,27660,67122,94782,1933649,1570432,,,,
2020-11-20T17:00:00,ITA,12,Lazio,41.89277044,12.48366722,3202,337,3539,74207,77746,2205,2667,17782,1921,27794,69655,97449,1960536,1592354,,,,
2020-11-21T17:00:00,ITA,12,Lazio,41.89277044,12.48366722,3257,337,3594,76282,79876,2130,2658,18273,1958,28357,71750,100107,1990582,1617550,,,,
2020-11-22T17:00:00,ITA,12,Lazio,41.89277044,12.48366722,3298,339,3637,78416,82053,2177,2533,18609,1978,28665,73975,102640,2015225,1636960,,,,
2020-11-23T17:00:00,ITA,12,Lazio,41.89277044,12.48366722,3351,335,3686,80203,83889,1836,2341,19066,2026,29025,75956,104981,2035549,1653284,,,,
2020-11-24T17:00:00,ITA,12,Lazio,41.89277044,12.48366722,3361,345,3706,82090,85796,1907,2509,19606,2088,29458,78032,107490,2063500,1679178,,,,
2020-11-25T17:00:00,ITA,12,Lazio,41.89277044,12.48366722,3348,349,3697,82868,86565,769,2102,20881,2146,30494,79098,109592,2092689,1703897,,,,
2020-11-26T17:00:00,ITA,12,Lazio,41.89277044,12.48366722,3408,352,3760,83543,87303,738,2260,22334,2215,31812,80040,111852,2118597,1726408,,,,
2020-11-27T17:00:00,ITA,12,Lazio,41.89277044,12.48366722,3407,355,3762,84172,87934,631,2276,23910,2284,32301,81827,114128,2142893,1743866,,,,
2020-11-28T17:00:00,ITA,12,Lazio,41.89277044,12.48366722,3352,356,3708,85554,89262,1328,2070,24627,2309,32955,83243,116198,2171386,1766817,,,,
2020-11-29T17:00:00,ITA,12,Lazio,41.89277044,12.48366722,3358,355,3713,85999,89712,450,1993,26151,2328,33054,85137,118191,2194299,1784328,,,,
2020-11-30T17:00:00,ITA,12,Lazio,41.89277044,12.48366722,3384,350,3734,86467,90201,489,1589,27212,2367,33635,86145,119780,2214307,1799351,,,,
2020-12-01T17:00:00,ITA,12,Lazio,41.89277044,12.48366722,3241,352,3593,87345,90938,737,1669,28080,2431,34254,87195,121449,2241091,1823889,,,,
2020-12-02T17:00:00,ITA,12,Lazio,41.89277044,12.48366722,3282,350,3632,88272,91904,966,1791,28860,2476,34706,88534,123240,2265780,1843535,,,,
2020-12-03T17:00:00,ITA,12,Lazio,41.89277044,12.48366722,3233,364,3597,89282,92879,975,1769,29616,2514,0,0,125009,2288573,1852335,,23,,
2020-12-04T17:00:00,ITA,12,Lazio,41.89277044,12.48366722,3178,360,3538,90299,93837,958,1831,30427,2576,,,126840,2311519,1852335,,16,,
2020-12-05T17:00:00,ITA,12,Lazio,41.89277044,12.48366722,3075,349,3424,90055,93479,-358,1783,32536,2608,,,128623,2332438,1867721,,15,,
2020-12-06T17:00:00,ITA,12,Lazio,41.89277044,12.48366722,3136,340,3476,90735,94211,732,1632,33422,2622,,,130255,2351951,1882721,,20,,
2020-12-07T17:00:00,ITA,12,Lazio,41.89277044,12.48366722,3209,340,3549,89965,93514,-697,1372,35445,2668,,,131627,2367867,1889955,,14,,
2020-12-08T17:00:00,ITA,12,Lazio,41.89277044,12.48366722,3091,341,3432,90577,94009,495,1501,36418,2701,,,133128,2384802,1896955,,30,,
2020-12-09T17:00:00,ITA,12,Lazio,41.89277044,12.48366722,3109,342,3451,90367,93818,-191,1297,37873,2734,,,134425,2398526,1903293,,20,,
2020-12-10T17:00:00,ITA,12,Lazio,41.89277044,12.48366722,3036,339,3375,87392,90767,-3051,1488,42344,2802,,,135913,2414442,1912167,,19,,
2020-12-11T17:00:00,ITA,12,Lazio,41.89277044,12.48366722,3026,339,3365,84828,88193,-2574,1230,46080,2870,,,137143,2429359,1919497,,19,,
2020-12-12T17:00:00,ITA,12,Lazio,41.89277044,12.48366722,2969,337,3306,84012,87318,-875,1194,48108,2911,,,138337,2445445,1927721,,14,,
2020-12-13T17:00:00,ITA,12,Lazio,41.89277044,12.48366722,2937,341,3278,83331,86609,-709,1339,50129,2938,,,139676,2460260,1936456,,16,,
2020-12-14T17:00:00,ITA,12,Lazio,41.89277044,12.48366722,2938,347,3285,82564,85849,-760,1315,52166,2976,,,140991,2473825,1943456,,15,,
2020-12-15T17:00:00,ITA,12,Lazio,41.89277044,12.48366722,2921,321,3242,80979,84221,-1628,1159,54870,3059,,,142150,2489437,1949641,,12,"per un errore di digitazione , i casi da antigenico di ieri erano 6.319 invece di 9.319",
2020-12-16T17:00:00,ITA,12,Lazio,41.89277044,12.48366722,2869,305,3174,78093,81267,-2954,1220,59004,3099,,,143370,2505142,1957157,,20,,
2020-12-17T17:00:00,ITA,12,Lazio,41.89277044,12.48366722,2860,311,3171,75459,78630,-2637,1597,63181,3156,,,144967,2521048,1965889,,12,,
2020-12-18T17:00:00,ITA,12,Lazio,41.89277044,12.48366722,2780,310,3090,74069,77159,-1471,1428,66006,3230,,,146395,2537032,1972934,,9,,
2020-12-19T17:00:00,ITA,12,Lazio,41.89277044,12.48366722,2773,306,3079,73510,76589,-570,1410,67945,3271,,,147805,2552084,1980503,,14,,
2020-12-20T17:00:00,ITA,12,Lazio,41.89277044,12.48366722,2784,306,3090,73690,76780,191,1213,68946,3292,,,149018,2565665,1986503,,14,,
2020-12-21T17:00:00,ITA,12,Lazio,41.89277044,12.48366722,2720,307,3027,73465,76492,-288,1205,70397,3334,,,150223,2577902,1991424,,14,,
2020-12-22T17:00:00,ITA,12,Lazio,41.89277044,12.48366722,2720,292,3012,72937,75949,-543,1288,72172,3390,,,151511,2590884,1996655,,14,,
2020-12-23T17:00:00,ITA,12,Lazio,41.89277044,12.48366722,2740,286,3026,72676,75702,-247,946,73321,3434,,,152457,2603776,2002566,,13,Si comunica che per un errore di inserimento il numero totale di tamponi di ieri 22/12/2020 era 2590884 per un incremento di 12982 tamponi. ,
2020-12-24T17:00:00,ITA,12,Lazio,41.89277044,12.48366722,2690,293,2983,72508,75491,-211,1519,75027,3458,,,153976,2619089,2009090,,14,,
2020-12-25T17:00:00,ITA,12,Lazio,41.89277044,12.48366722,2666,290,2956,73118,76074,583,1691,76104,3489,,,155667,2635605,2016092,,18,,
2020-12-26T17:00:00,ITA,12,Lazio,41.89277044,12.48366722,2742,297,3039,73255,76294,220,1123,76983,3513,,,156790,2646199,2020174,,7,,
2020-12-27T17:00:00,ITA,12,Lazio,41.89277044,12.48366722,2802,301,3103,73335,76438,144,977,77800,3529,,,157767,2656014,2023876,,14,,
2020-12-28T17:00:00,ITA,12,Lazio,41.89277044,12.48366722,2820,307,3127,72943,76070,-368,966,79087,3576,,,158733,2665428,2028405,,16,,
2020-12-29T17:00:00,ITA,12,Lazio,41.89277044,12.48366722,2854,305,3159,71526,74685,-1385,1218,81636,3630,,,159951,2676624,2034049,,15,,
2020-12-30T17:00:00,ITA,12,Lazio,41.89277044,12.48366722,2808,303,3111,71352,74463,-222,1333,83125,3696,,,161284,2690302,2039177,,18,,
2020-12-31T17:00:00,ITA,12,Lazio,41.89277044,12.48366722,2789,303,3092,72081,75173,710,1767,84109,3769,,,163051,2706603,2045449,,15,,
2021-01-01T17:00:00,ITA,12,Lazio,41.89277044,12.48366722,2752,305,3057,73304,76361,1188,1913,84811,3792,,,164964,2721083,2052446,,13,,
2021-01-02T17:00:00,ITA,12,Lazio,41.89277044,12.48366722,2792,315,3107,73341,76448,87,1275,85975,3816,,,166239,2730769,2056450,,10,,
2021-01-03T17:00:00,ITA,12,Lazio,41.89277044,12.48366722,2824,309,3133,74020,77153,705,1681,86927,3840,,,167920,2742661,2062465,,17,,
2021-01-04T17:00:00,ITA,12,Lazio,41.89277044,12.48366722,2852,318,3170,73907,77077,-76,1334,88314,3863,,,169254,2752420,2066588,,15,,
2021-01-05T17:00:00,ITA,12,Lazio,41.89277044,12.48366722,2869,308,3177,74131,77308,231,1719,89730,3935,,,170973,2765552,2073377,,14,,
2021-01-06T17:00:00,ITA,12,Lazio,41.89277044,12.48366722,2843,306,3149,74617,77766,458,2007,91242,3972,,,172980,2780969,2079718,,15,,
2021-01-07T17:00:00,ITA,12,Lazio,41.89277044,12.48366722,2882,310,3192,74731,77923,157,1779,92821,4015,,,174759,2793308,2085688,,18,,
2021-01-08T17:00:00,ITA,12,Lazio,41.89277044,12.48366722,2871,309,3180,74675,77855,-68,1613,94457,4060,,,176372,2805922,2090439,,14,,
2021-01-09T17:00:00,ITA,12,Lazio,41.89277044,12.48366722,2824,310,3134,75035,78169,314,1543,95632,4114,,,177915,2817904,2096127,,18,,
2021-01-10T17:00:00,ITA,12,Lazio,41.89277044,12.48366722,2850,323,3173,75612,78785,616,1746,96745,4131,,,179661,2829610,2101259,,19,,
2021-01-11T17:00:00,ITA,12,Lazio,41.89277044,12.48366722,2887,321,3208,75673,78881,96,1254,97858,4176,,,180915,2840111,2106088,,15,,
2021-01-12T17:00:00,ITA,12,Lazio,41.89277044,12.48366722,2871,326,3197,75390,78587,-294,1381,99491,4218,,,182296,2853312,2110984,,13,,
2021-01-13T17:00:00,ITA,12,Lazio,41.89277044,12.48366722,2892,313,3205,75018,78223,-364,1612,101426,4259,,,183908,2866990,2117488,,21,,
2021-01-14T17:00:00,ITA,12,Lazio,41.89277044,12.48366722,2814,295,3109,74871,77980,-243,1816,103438,4306,,,185724,2880995,2124460,,10,,
2021-01-15T17:00:00,ITA,12,Lazio,41.89277044,12.48366722,2780,299,3079,74676,77755,-225,1394,105021,4342,,,187118,2909237,2140660,,13,"Come da indicazioni, vengono inseriti solo i Tamponi processati con test antigenico nelle  24 ore precedenti","Come da indicazioni, vengono inseriti solo i casi confermati da test antigenico nelle  24 ore precedenti",187053,65,2893127,16110,ITI,ITI4
2021-01-16T17:00:00,ITA,12,Lazio,41.89277044,12.48366722,2792,286,3078,74298,77376,-379,1282,106646,4378,,,188400,2939085,2155766,,13,,,188280,120,2905757,33328,ITI,ITI4
2021-01-17T17:00:00,ITA,12,Lazio,41.89277044,12.48366722,2766,296,3062,74448,77510,134,1243,107734,4399,,,189643,2962528,2165251,,16,,,189474,169,2916861,45667,ITI,ITI4
2021-01-18T17:00:00,ITA,12,Lazio,41.89277044,12.48366722,2885,315,3200,74145,77345,-165,872,108755,4415,,,190515,2977732,2172390,,20,,,190329,186,2926774,50958,ITI,ITI4
2021-01-19T17:00:00,ITA,12,Lazio,41.89277044,12.48366722,2768,305,3073,72163,75236,-2109,1100,111905,4474,,,191615,3014033,2187526,,12,,,191335,280,2939578,74455,ITI,ITI4
2021-01-20T17:00:00,ITA,12,Lazio,41.89277044,12.48366722,2735,288,3023,70166,73189,-2047,1281,115172,4535,,,192896,3043028,2203834,,13,,,192492,404,2952104,90924,ITI,ITI4
2021-01-21T17:00:00,ITA,12,Lazio,41.89277044,12.48366722,2653,280,2933,69752,72685,-504,1303,116943,4571,,,194199,3069436,2220150,,11,,,193666,533,2964583,104853,ITI,ITI4
2021-01-22T17:00:00,ITA,12,Lazio,41.89277044,12.48366722,2673,289,2962,68484,71446,-1239,1141,119270,4624,,,195340,3096428,2236554,,21,,,194699,641,2977019,119409,ITI,ITI4
2021-01-23T17:00:00,ITA,12,Lazio,41.89277044,12.48366722,2576,283,2859,67407,70266,-1180,1297,121705,4666,,,196637,3127016,2252794,,24,,,195968,669,2989623,137393,ITI,ITI4
2021-01-24T17:00:00,ITA,12,Lazio,41.89277044,12.48366722,2544,286,2830,66555,69385,-881,1056,123626,4682,,,197693,3151772,2265463,,13,,,197013,680,3001508,150264,ITI,ITI4
2021-01-25T17:00:00,ITA,12,Lazio,41.89277044,12.48366722,2560,287,2847,64814,67661,-1724,874,126184,4722,,,198567,3172399,2276268,,14,,,197814,753,3009932,162467,ITI,ITI4
2021-01-26T17:00:00,ITA,12,Lazio,41.89277044,12.48366722,2544,283,2827,63305,66132,-1529,1039,128709,4765,,,199606,3201852,2293073,,17,,,198833,773,3019862,181990,ITI,ITI4
2021-01-27T17:00:00,ITA,12,Lazio,41.89277044,12.48366722,2508,283,2791,62112,64903,-1229,1338,131214,4827,,,200944,3230142,2308819,,10,,,200076,868,3032322,197820,ITI,ITI4
2021-01-28T17:00:00,ITA,12,Lazio,41.89277044,12.48366722,2458,289,2747,61895,64642,-261,1263,132695,4870,,,202207,3261068,2328322,,13,,,201305,902,3045753,215315,ITI,ITI4
2021-01-29T17:00:00,ITA,12,Lazio,41.89277044,12.48366722,2438,289,2727,61510,64237,-405,1160,134212,4918,,,203367,3288432,2345323,,21,,,202391,976,3058324,230108,ITI,ITI4
2021-01-30T17:00:00,ITA,12,Lazio,41.89277044,12.48366722,2407,282,2689,61106,63795,-442,1138,135765,4945,,,204505,3318818,2364920,,15,,,203503,1002,3071318,247500,ITI,ITI4
2021-01-31T17:00:00,ITA,12,Lazio,41.89277044,12.48366722,2388,284,2672,60529,63201,-594,943,137263,4984,,,205448,3342016,2380303,,12,,,204437,1011,3080687,261329,ITI,ITI4
2021-02-01T17:00:00,ITA,12,Lazio,41.89277044,12.48366722,2373,288,2661,58829,61490,-1711,717,139653,5022,,,206165,3355115,2387784,,21,,,205148,1017,3089069,266046,ITI,ITI4
2021-02-02T17:00:00,ITA,12,Lazio,41.89277044,12.48366722,2336,289,2625,58148,60773,-717,842,141160,5074,,,207007,3378181,2402138,,22,,,205886,1121,3099363,278818,ITI,ITI4
2021-02-03T17:00:00,ITA,12,Lazio,41.89277044,12.48366722,2350,279,2629,57140,59769,-1004,1164,143279,5123,,,208171,3405739,2420258,,21,,,206978,1193,3111030,294709,ITI,ITI4
2021-02-04T17:00:00,ITA,12,Lazio,41.89277044,12.48366722,2308,273,2581,55445,58026,-1743,1174,146154,5165,,,209345,3440379,2444101,,10,,,208109,1236,3123988,316391,ITI,ITI4
2021-02-05T17:00:00,ITA,12,Lazio,41.89277044,12.48366722,2264,272,2536,54285,56821,-1205,1141,148464,5201,,,210486,3470340,2465620,,14,,,209210,1276,3135506,334834,ITI,ITI4
2021-02-06T17:00:00,ITA,12,Lazio,41.89277044,12.48366722,2273,270,2543,53900,56443,-378,1014,149818,5239,,,211500,3498179,2485629,,16,,,210137,1363,3146270,351909,ITI,ITI4
2021-02-07T17:00:00,ITA,12,Lazio,41.89277044,12.48366722,2232,264,2496,50862,53358,-3085,920,153803,5259,,,212420,3520345,2500220,,13,,,211041,1379,3155379,364966,ITI,ITI4
2021-02-08T17:00:00,ITA,12,Lazio,41.89277044,12.48366722,2248,272,2520,47030,49550,-3808,782,158361,5291,,,213202,3534649,2506811,,12,,,211812,1390,3163773,370876,ITI,ITI4
2021-02-09T17:00:00,ITA,12,Lazio,41.89277044,12.48366722,2257,268,2525,44521,47046,-2504,847,161679,5324,,,214049,3564258,2526336,,10,,,212578,1471,3173904,390354,ITI,ITI4
2021-02-10T17:00:00,ITA,12,Lazio,41.89277044,12.48366722,2233,260,2493,42341,44834,-2212,1027,164867,5375,,,215076,3592299,2544252,,15,,,213550,1526,3186117,406182,ITI,ITI4
2021-02-11T17:00:00,ITA,12,Lazio,41.89277044,12.48366722,2160,257,2417,40727,43144,-1690,1271,167797,5406,,,216347,3622508,2563273,,16,,,214780,1567,3198822,423686,ITI,ITI4
2021-02-12T17:00:00,ITA,12,Lazio,41.89277044,12.48366722,2140,256,2396,38997,41393,-1751,1089,170603,5440,,,217436,3652138,2580736,,13,,,215792,1644,3210250,441888,ITI,ITI4
2021-02-13T17:00:00,ITA,12,Lazio,41.89277044,12.48366722,2121,256,2377,38245,40622,-771,1060,172413,5461,,,218496,3682326,2597972,,18,,,216833,1663,3222642,459684,ITI,ITI4
2021-02-14T17:00:00,ITA,12,Lazio,41.89277044,12.48366722,2092,259,2351,37238,39589,-1033,809,174244,5472,,,219305,3705417,2613208,,18,,,217633,1672,3232060,473357,ITI,ITI4
2021-02-15T17:00:00,ITA,12,Lazio,41.89277044,12.48366722,2090,254,2344,36086,38430,-1159,760,176129,5506,,,220065,3721071,2621112,,12,,,218342,1723,3243557,477514,ITI,ITI4
2021-02-16T17:00:00,ITA,12,Lazio,41.89277044,12.48366722,2065,253,2318,34943,37261,-1169,894,178160,5538,,,220959,3752570,2640182,,12,,,219182,1777,3254104,498466,ITI,ITI4
2021-02-17T17:00:00,ITA,12,Lazio,41.89277044,12.48366722,2044,239,2283,34324,36607,-654,871,179630,5593,,,221830,3781008,2656049,,14,,,219987,1843,3266279,514729,ITI,ITI4
2021-02-18T17:00:00,ITA,12,Lazio,41.89277044,12.48366722,1945,232,2177,33461,35638,-969,1025,181583,5634,,,222855,3810949,2673149,,16,,,220954,1901,3278037,532912,ITI,ITI4
2021-02-19T17:00:00,ITA,12,Lazio,41.89277044,12.48366722,1925,231,2156,33452,35608,-30,990,182565,5672,,,223845,3839816,2689445,,15,,,221871,1974,3290121,549695,ITI,ITI4
2021-02-20T17:00:00,ITA,12,Lazio,41.89277044,12.48366722,1883,228,2111,33335,35446,-162,921,183616,5704,,,224766,3871085,2707237,,9,,,222750,2016,3302407,568678,ITI,ITI4
2021-02-21T17:00:00,ITA,12,Lazio,41.89277044,12.48366722,1859,234,2093,33346,35439,-7,1048,184656,5719,,,225814,3895727,2721141,,12,,,223773,2041,3312294,583433,ITI,ITI4
2021-02-22T17:00:00,ITA,12,Lazio,41.89277044,12.48366722,1861,233,2094,33116,35210,-229,854,185715,5743,,,226668,3910343,2729147,,14,,,224571,2097,3320527,589816,ITI,ITI4
2021-02-23T17:00:00,ITA,12,Lazio,41.89277044,12.48366722,1850,229,2079,32848,34927,-283,889,186854,5776,,,227557,3941971,2749305,,14,,,225395,2162,3330773,611198,ITI,ITI4
2021-02-24T17:00:00,ITA,12,Lazio,41.89277044,12.48366722,1827,227,2054,32826,34880,-47,1188,188051,5814,,,228745,3978005,2769399,,9,,,226489,2256,3345790,632215,ITI,ITI4
2021-02-25T17:00:00,ITA,12,Lazio,41.89277044,12.48366722,1807,227,2034,32961,34995,115,1256,189174,5832,,,230001,4014576,2776834,,14,,,227660,2341,3360777,653799,ITI,ITI4
2021-02-26T17:00:00,ITA,12,Lazio,41.89277044,12.48366722,1830,217,2047,33386,35433,438,1539,190256,5851,,,231540,4049291,2795020,,12,,,229129,2411,3375500,673791,ITI,ITI4
2021-02-27T17:00:00,ITA,12,Lazio,41.89277044,12.48366722,1814,216,2030,33634,35664,231,1347,191352,5871,,,232887,4081562,2814175,,6,,,230443,2444,3386799,694763,ITI,ITI4
2021-02-28T17:00:00,ITA,12,Lazio,41.89277044,12.48366722,1767,213,1980,33821,35801,137,1341,192544,5883,,,234228,4116403,2833843,,6,,,231757,2471,3402020,714383,ITI,ITI4
2021-03-01T17:00:00,ITA,12,Lazio,41.89277044,12.48366722,1840,223,2063,33660,35723,-78,1044,193638,5911,,,235272,4132010,2844511,,16,,,232707,2565,3411172,720838,ITI,ITI4
2021-03-02T17:00:00,ITA,12,Lazio,41.89277044,12.48366722,1831,226,2057,33738,35795,72,1188,194725,5940,,,236460,4169881,2866352,,16,,,233851,2609,3422651,747230,ITI,ITI4
2021-03-03T17:00:00,ITA,12,Lazio,41.89277044,12.48366722,1828,237,2065,33724,35789,-6,1520,196216,5975,,,237980,4207454,2886524,,20,,,235293,2687,3437283,770171,ITI,ITI4
2021-03-04T17:00:00,ITA,12,Lazio,41.89277044,12.48366722,1860,241,2101,33942,36043,254,1702,197642,5997,,,239682,4241179,2906083,,16,,,236912,2770,3450644,790535,ITI,ITI4
2021-03-05T17:00:00,ITA,12,Lazio,41.89277044,12.48366722,1872,248,2120,34442,36562,519,1525,198629,6016,,,241207,4279701,2927642,,22,,,238317,2890,3466796,812905,ITI,ITI4
2021-03-06T17:00:00,ITA,12,Lazio,41.89277044,12.48366722,1896,242,2138,35031,37169,607,1563,199572,6029,,,242770,4318699,2951382,,7,,,239780,2990,3480794,837905,ITI,ITI4
2021-03-07T17:00:00,ITA,12,Lazio,41.89277044,12.48366722,1951,240,2191,35421,37612,443,1399,200515,6042,,,244169,4349476,2971122,,12,,,241145,3024,3492577,856899,ITI,ITI4
2021-03-08T17:00:00,ITA,12,Lazio,41.89277044,12.48366722,2022,253,2275,35651,37926,314,1175,201354,6064,,,245344,4368011,2979623,,22,,,242273,3071,3504220,863791,ITI,ITI4
2021-03-09T17:00:00,ITA,12,Lazio,41.89277044,12.48366722,2049,261,2310,36267,38577,651,1431,202106,6092,,,246775,4408743,2999629,,16,,,243597,3178,3518535,890208,ITI,ITI4
