data,stato,codice_regione,denominazione_regione,lat,long,ricoverati_con_sintomi,terapia_intensiva,totale_ospedalizzati,isolamento_domiciliare,totale_positivi,variazione_totale_positivi,nuovi_positivi,dimessi_guariti,deceduti,casi_da_sospetto_diagnostico,casi_da_screening,totale_casi,tamponi,casi_testati,note,ingressi_terapia_intensiva,note_test,note_casi
2020-02-24T18:00:00,ITA,13,Abruzzo,42.35122196,13.39843823,0,0,0,0,0,0,0,0,0,,,0,5,,,,,
2020-02-25T18:00:00,ITA,13,Abruzzo,42.35122196,13.39843823,0,0,0,0,0,0,0,0,0,,,0,5,,,,,
2020-02-26T18:00:00,ITA,13,Abruzzo,42.35122196,13.39843823,0,0,0,0,0,0,0,0,0,,,0,13,,,,,
2020-02-27T18:00:00,ITA,13,Abruzzo,42.35122196,13.39843823,1,0,1,0,1,1,1,0,0,,,1,33,,,,,
2020-02-28T18:00:00,ITA,13,Abruzzo,42.35122196,13.39843823,1,0,1,0,1,0,0,0,0,,,1,33,,,,,
2020-02-29T17:00:00,ITA,13,Abruzzo,42.35122196,13.39843823,2,0,2,0,2,1,1,0,0,,,2,43,,,,,
2020-03-01T17:00:00,ITA,13,Abruzzo,42.35122196,13.39843823,3,0,3,2,5,3,3,0,0,,,5,52,,,,,
2020-03-02T18:00:00,ITA,13,Abruzzo,42.35122196,13.39843823,3,0,3,2,5,0,0,0,0,,,5,52,,,,,
2020-03-03T18:00:00,ITA,13,Abruzzo,42.35122196,13.39843823,5,0,5,1,6,1,1,0,0,,,6,52,,,,,
2020-03-04T17:00:00,ITA,13,Abruzzo,42.35122196,13.39843823,7,0,7,0,7,1,1,0,0,,,7,85,,,,,
2020-03-05T17:00:00,ITA,13,Abruzzo,42.35122196,13.39843823,8,0,8,0,8,1,1,0,0,,,8,96,,,,,
2020-03-06T17:00:00,ITA,13,Abruzzo,42.35122196,13.39843823,9,0,9,0,9,1,1,0,0,,,9,96,,,,,
2020-03-07T18:00:00,ITA,13,Abruzzo,42.35122196,13.39843823,11,0,11,0,11,2,2,0,0,,,11,123,,,,,
2020-03-08T18:00:00,ITA,13,Abruzzo,42.35122196,13.39843823,14,0,14,3,17,6,6,0,0,,,17,163,,,,,
2020-03-09T18:00:00,ITA,13,Abruzzo,42.35122196,13.39843823,25,0,25,5,30,13,13,0,0,,,30,237,,,,,
2020-03-10T18:00:00,ITA,13,Abruzzo,42.35122196,13.39843823,17,9,26,11,37,7,8,0,1,,,38,310,,,,,
2020-03-11T17:00:00,ITA,13,Abruzzo,42.35122196,13.39843823,17,9,26,11,37,0,0,0,1,,,38,310,,nd-IT-0001,,,
2020-03-12T17:00:00,ITA,13,Abruzzo,42.35122196,13.39843823,47,12,59,19,78,41,46,4,2,,,84,867,,,,,
2020-03-13T17:00:00,ITA,13,Abruzzo,42.35122196,13.39843823,42,14,56,27,83,5,5,4,2,,,89,958,,,,,
2020-03-14T17:00:00,ITA,13,Abruzzo,42.35122196,13.39843823,51,14,65,41,106,23,23,4,2,,,112,1232,,,,,
2020-03-15T17:00:00,ITA,13,Abruzzo,42.35122196,13.39843823,72,28,100,28,128,22,25,6,3,,,137,1419,,,,,
2020-03-16T17:00:00,ITA,13,Abruzzo,42.35122196,13.39843823,71,37,108,57,165,37,39,7,4,,,176,1533,,,,,
2020-03-17T17:00:00,ITA,13,Abruzzo,42.35122196,13.39843823,94,32,126,90,216,51,53,7,6,,,229,1688,,,,,
2020-03-18T17:00:00,ITA,13,Abruzzo,42.35122196,13.39843823,99,41,140,109,249,33,34,7,7,,,263,2054,,,,,
2020-03-19T17:00:00,ITA,13,Abruzzo,42.35122196,13.39843823,181,47,228,138,366,117,122,8,11,,,385,2409,,,,,
2020-03-20T17:00:00,ITA,13,Abruzzo,42.35122196,13.39843823,190,48,238,184,422,56,64,10,17,,,449,2695,,,,,
2020-03-21T17:00:00,ITA,13,Abruzzo,42.35122196,13.39843823,185,44,229,265,494,72,80,13,22,,,529,3035,,,,,
2020-03-22T17:00:00,ITA,13,Abruzzo,42.35122196,13.39843823,218,49,267,272,539,45,58,15,33,,,587,3375,,,,,
2020-03-23T17:00:00,ITA,13,Abruzzo,42.35122196,13.39843823,228,52,280,325,605,66,76,20,38,,,663,3674,,,,,
2020-03-24T17:00:00,ITA,13,Abruzzo,42.35122196,13.39843823,234,57,291,331,622,17,26,21,46,,,689,4294,,,,,
2020-03-25T17:00:00,ITA,13,Abruzzo,42.35122196,13.39843823,248,59,307,431,738,116,124,23,52,,,813,4982,,,,,
2020-03-26T17:00:00,ITA,13,Abruzzo,42.35122196,13.39843823,280,64,344,516,860,122,133,23,63,,,946,5488,,,,,
2020-03-27T17:00:00,ITA,13,Abruzzo,42.35122196,13.39843823,289,71,360,565,925,65,71,24,68,,,1017,6109,,,,,
2020-03-28T17:00:00,ITA,13,Abruzzo,42.35122196,13.39843823,311,70,381,646,1027,102,116,30,76,,,1133,7003,,,,,
2020-03-29T17:00:00,ITA,13,Abruzzo,42.35122196,13.39843823,329,68,397,772,1169,142,160,36,88,,,1293,7730,,,,,
2020-03-30T17:00:00,ITA,13,Abruzzo,42.35122196,13.39843823,322,69,391,778,1169,0,52,74,102,,,1345,7948,,,,,
2020-03-31T17:00:00,ITA,13,Abruzzo,42.35122196,13.39843823,335,73,408,783,1191,22,56,95,115,,,1401,8758,,,,,
2020-04-01T17:00:00,ITA,13,Abruzzo,42.35122196,13.39843823,342,71,413,798,1211,20,35,102,123,,,1436,9610,,,,,
2020-04-02T17:00:00,ITA,13,Abruzzo,42.35122196,13.39843823,341,75,416,835,1251,40,61,113,133,,,1497,10647,,,,,
2020-04-03T17:00:00,ITA,13,Abruzzo,42.35122196,13.39843823,361,76,437,864,1301,50,66,116,146,,,1563,11890,,,,,
2020-04-04T17:00:00,ITA,13,Abruzzo,42.35122196,13.39843823,354,71,425,931,1356,55,65,119,153,,,1628,12837,,,,,
2020-04-05T17:00:00,ITA,13,Abruzzo,42.35122196,13.39843823,347,67,414,1006,1420,64,75,125,158,,,1703,13598,,,,,
2020-04-06T17:00:00,ITA,13,Abruzzo,42.35122196,13.39843823,340,66,406,1019,1425,5,18,127,169,,,1721,14198,,,,,
2020-04-07T17:00:00,ITA,13,Abruzzo,42.35122196,13.39843823,337,67,404,1087,1491,66,78,136,172,,,1799,14904,,,,,
2020-04-08T17:00:00,ITA,13,Abruzzo,42.35122196,13.39843823,331,62,393,1141,1534,43,60,146,179,,,1859,15846,,,,,
2020-04-09T17:00:00,ITA,13,Abruzzo,42.35122196,13.39843823,306,57,363,1203,1566,32,72,171,194,,,1931,16847,,,,,
2020-04-10T17:00:00,ITA,13,Abruzzo,42.35122196,13.39843823,305,53,358,1277,1635,69,83,181,198,,,2014,18088,,,,,
2020-04-11T17:00:00,ITA,13,Abruzzo,42.35122196,13.39843823,315,54,369,1355,1724,89,106,190,206,,,2120,19441,,,,,
2020-04-12T17:00:00,ITA,13,Abruzzo,42.35122196,13.39843823,346,54,400,1342,1742,18,40,206,212,,,2160,20594,,,,,
2020-04-13T17:00:00,ITA,13,Abruzzo,42.35122196,13.39843823,351,54,405,1373,1778,36,53,211,224,,,2213,20667,,,,,
2020-04-14T17:00:00,ITA,13,Abruzzo,42.35122196,13.39843823,345,52,397,1403,1800,22,32,213,232,,,2245,20935,,,,,
2020-04-15T17:00:00,ITA,13,Abruzzo,42.35122196,13.39843823,341,44,385,1425,1810,10,29,224,240,,,2274,22500,,,,,
2020-04-16T17:00:00,ITA,13,Abruzzo,42.35122196,13.39843823,324,42,366,1484,1850,40,72,253,243,,,2346,23786,,,,,
2020-04-17T17:00:00,ITA,13,Abruzzo,42.35122196,13.39843823,319,43,362,1580,1942,92,97,255,246,,,2443,25436,,,,,
2020-04-18T17:00:00,ITA,13,Abruzzo,42.35122196,13.39843823,321,41,362,1609,1971,29,44,263,253,,,2487,27016,,,,,
2020-04-19T17:00:00,ITA,13,Abruzzo,42.35122196,13.39843823,317,40,357,1630,1987,16,34,276,258,,,2521,27791,22424,,,,
2020-04-20T17:00:00,ITA,13,Abruzzo,42.35122196,13.39843823,320,38,358,1704,2062,75,91,287,263,,,2612,27942,22552,,,,
2020-04-21T17:00:00,ITA,13,Abruzzo,42.35122196,13.39843823,318,35,353,1714,2067,5,55,329,271,,,2667,29906,23901,,,,
2020-04-22T17:00:00,ITA,13,Abruzzo,42.35122196,13.39843823,309,35,344,1764,2108,41,66,349,276,,,2733,30348,24317,,,,
2020-04-23T17:00:00,ITA,13,Abruzzo,42.35122196,13.39843823,322,31,353,1747,2100,-8,52,405,280,,,2785,31187,24751,,,,
2020-04-24T17:00:00,ITA,13,Abruzzo,42.35122196,13.39843823,327,28,355,1724,2079,-21,18,438,286,,,2803,32397,25397,,,,
2020-04-25T17:00:00,ITA,13,Abruzzo,42.35122196,13.39843823,323,26,349,1712,2061,-18,29,478,293,,,2832,33624,25959,,,,
2020-04-26T17:00:00,ITA,13,Abruzzo,42.35122196,13.39843823,324,24,348,1720,2068,7,27,496,295,,,2859,33820,26184,,,,
2020-04-27T17:00:00,ITA,13,Abruzzo,42.35122196,13.39843823,328,23,351,1679,2030,-38,15,545,299,,,2874,34176,26443,,,,
2020-04-28T17:00:00,ITA,13,Abruzzo,42.35122196,13.39843823,312,21,333,1657,1990,-40,25,599,310,,,2899,35356,27054,,,,
2020-04-29T17:00:00,ITA,13,Abruzzo,42.35122196,13.39843823,309,19,328,1648,1976,-14,24,632,315,,,2923,36614,27703,,,,
2020-04-30T17:00:00,ITA,13,Abruzzo,42.35122196,13.39843823,306,16,322,1593,1915,-61,7,695,320,,,2930,37996,28351,,,,
2020-05-01T17:00:00,ITA,13,Abruzzo,42.35122196,13.39843823,297,16,313,1598,1911,-4,18,713,324,,,2948,39385,29024,,,,
2020-05-02T17:00:00,ITA,13,Abruzzo,42.35122196,13.39843823,303,16,319,1560,1879,-32,16,758,327,,,2964,39916,29308,,,,
2020-05-03T17:00:00,ITA,13,Abruzzo,42.35122196,13.39843823,300,16,316,1552,1868,-11,32,798,330,,,2996,40699,29788,,,,
2020-05-04T17:00:00,ITA,13,Abruzzo,42.35122196,13.39843823,301,15,316,1521,1837,-31,4,831,332,,,3000,41108,30047,,,,
2020-05-05T17:00:00,ITA,13,Abruzzo,42.35122196,13.39843823,289,11,300,1509,1809,-28,25,881,335,,,3025,42489,30835,,,,
2020-05-06T17:00:00,ITA,13,Abruzzo,42.35122196,13.39843823,285,11,296,1495,1791,-18,22,915,341,,,3047,43803,31502,,,,
2020-05-07T17:00:00,ITA,13,Abruzzo,42.35122196,13.39843823,263,12,275,1495,1770,-21,25,954,348,,,3072,45021,32186,,,,
2020-05-08T17:00:00,ITA,13,Abruzzo,42.35122196,13.39843823,250,10,260,1453,1713,-57,6,1014,351,,,3078,46103,32619,,,,
2020-05-09T17:00:00,ITA,13,Abruzzo,42.35122196,13.39843823,246,10,256,1420,1676,-37,8,1055,355,,,3086,47190,33013,,,,
2020-05-10T17:00:00,ITA,13,Abruzzo,42.35122196,13.39843823,233,10,243,1428,1671,-5,17,1073,359,,,3103,48110,33876,,,,
2020-05-11T17:00:00,ITA,13,Abruzzo,42.35122196,13.39843823,231,9,240,1369,1609,-62,4,1132,366,,,3107,48903,34428,,,,
2020-05-12T17:00:00,ITA,13,Abruzzo,42.35122196,13.39843823,222,8,230,1318,1548,-61,8,1197,370,,,3115,50295,35241,,,,
2020-05-13T17:00:00,ITA,13,Abruzzo,42.35122196,13.39843823,214,7,221,1268,1489,-59,12,1263,375,,,3127,51361,35898,,,,
2020-05-14T17:00:00,ITA,13,Abruzzo,42.35122196,13.39843823,215,6,221,1261,1482,-7,9,1275,379,,,3136,52860,36844,,,,
2020-05-15T17:00:00,ITA,13,Abruzzo,42.35122196,13.39843823,205,6,211,1243,1454,-28,12,1313,381,,,3148,54028,37587,,,,
2020-05-16T17:00:00,ITA,13,Abruzzo,42.35122196,13.39843823,195,7,202,1221,1423,-31,30,1372,383,,,3178,55672,38681,,,,
2020-05-17T17:00:00,ITA,13,Abruzzo,42.35122196,13.39843823,193,6,199,1223,1422,-1,8,1379,385,,,3186,57217,39788,,,,
2020-05-18T17:00:00,ITA,13,Abruzzo,42.35122196,13.39843823,191,6,197,1216,1413,-9,7,1392,388,,,3193,57897,40345,,,,
2020-05-19T17:00:00,ITA,13,Abruzzo,42.35122196,13.39843823,188,6,194,1195,1389,-24,4,1419,389,,,3197,58945,41162,,,,
2020-05-20T17:00:00,ITA,13,Abruzzo,42.35122196,13.39843823,185,6,191,1126,1317,-72,8,1499,389,,,3205,61123,42244,,,,
2020-05-21T17:00:00,ITA,13,Abruzzo,42.35122196,13.39843823,175,5,180,1092,1272,-45,7,1549,391,,,3212,62161,42768,,,,
2020-05-22T17:00:00,ITA,13,Abruzzo,42.35122196,13.39843823,157,4,161,1018,1179,-93,8,1647,394,,,3220,63956,43904,,,,
2020-05-23T17:00:00,ITA,13,Abruzzo,42.35122196,13.39843823,156,4,160,1008,1168,-11,1,1659,394,,,3221,65290,44680,,,,
2020-05-24T17:00:00,ITA,13,Abruzzo,42.35122196,13.39843823,149,3,152,940,1092,-76,5,1736,398,,,3226,66486,45516,,,,
2020-05-25T17:00:00,ITA,13,Abruzzo,42.35122196,13.39843823,149,3,152,894,1046,-46,1,1781,400,,,3227,67468,46146,,,,
2020-05-26T17:00:00,ITA,13,Abruzzo,42.35122196,13.39843823,142,3,145,764,909,-137,3,1921,400,,,3230,68733,46960,,,,
2020-05-27T17:00:00,ITA,13,Abruzzo,42.35122196,13.39843823,138,3,141,725,866,-43,5,1969,400,,,3235,70473,48112,,,,
2020-05-28T17:00:00,ITA,13,Abruzzo,42.35122196,13.39843823,128,3,131,693,824,-42,2,2011,402,,,3237,71788,49084,,,,
2020-05-29T17:00:00,ITA,13,Abruzzo,42.35122196,13.39843823,122,3,125,645,770,-54,0,2063,404,,,3237,73301,50043,,,,
2020-05-30T17:00:00,ITA,13,Abruzzo,42.35122196,13.39843823,122,3,125,645,770,0,0,2063,404,,,3237,73301,50043,nd-IT-0015,,,
2020-05-31T17:00:00,ITA,13,Abruzzo,42.35122196,13.39843823,104,4,108,667,775,5,7,2064,405,,,3244,75652,50050,pd-IT-0022,,,
2020-06-01T17:00:00,ITA,13,Abruzzo,42.35122196,13.39843823,113,6,119,625,744,-31,1,2093,408,,,3245,76924,52646,dc-IT-0037,,,
2020-06-02T17:00:00,ITA,13,Abruzzo,42.35122196,13.39843823,113,6,119,624,743,-1,4,2093,413,,,3249,77892,53279,,,,
2020-06-03T17:00:00,ITA,13,Abruzzo,42.35122196,13.39843823,112,3,115,621,736,-7,3,2102,414,,,3252,78356,53555,,,,
2020-06-04T17:00:00,ITA,13,Abruzzo,42.35122196,13.39843823,109,3,112,592,704,-32,3,2136,415,,,3255,79720,54527,,,,
2020-06-05T17:00:00,ITA,13,Abruzzo,42.35122196,13.39843823,103,4,107,563,670,-34,2,2172,415,,,3257,80972,55295,,,,
2020-06-06T17:00:00,ITA,13,Abruzzo,42.35122196,13.39843823,96,3,99,554,653,-17,1,2187,418,,,3258,82332,56223,,,,
2020-06-07T17:00:00,ITA,13,Abruzzo,42.35122196,13.39843823,88,4,92,561,653,0,7,2194,418,,,3265,83020,56702,,,,
2020-06-08T17:00:00,ITA,13,Abruzzo,42.35122196,13.39843823,89,4,93,539,632,-21,0,2215,418,,,3265,83715,57165,,,,
2020-06-09T17:00:00,ITA,13,Abruzzo,42.35122196,13.39843823,91,4,95,472,567,-65,1,2248,451,,,3266,84700,57880,dc-IT-0040,,,
2020-06-10T17:00:00,ITA,13,Abruzzo,42.35122196,13.39843823,83,5,88,462,550,-17,0,2263,453,,,3266,86082,58766,,,,
2020-06-11T17:00:00,ITA,13,Abruzzo,42.35122196,13.39843823,81,5,86,453,539,-11,1,2275,453,,,3267,87566,59505,,,,
2020-06-12T17:00:00,ITA,13,Abruzzo,42.35122196,13.39843823,76,4,80,448,528,-11,4,2290,453,,,3271,88739,60229,,,,
2020-06-13T17:00:00,ITA,13,Abruzzo,42.35122196,13.39843823,72,4,76,433,509,-19,4,2312,454,,,3275,90340,61177,,,,
2020-06-14T17:00:00,ITA,13,Abruzzo,42.35122196,13.39843823,71,4,75,436,511,2,4,2312,456,,,3279,91445,61873,,,,
2020-06-15T17:00:00,ITA,13,Abruzzo,42.35122196,13.39843823,71,3,74,412,486,-25,0,2337,456,,,3279,91700,62048,,,,
2020-06-16T17:00:00,ITA,13,Abruzzo,42.35122196,13.39843823,67,3,70,398,468,-18,1,2355,457,,,3280,92874,62709,,,,
2020-06-17T17:00:00,ITA,13,Abruzzo,42.35122196,13.39843823,61,2,63,375,438,-30,2,2386,457,,,3281,94391,63630,dc-IT-0052,,,
2020-06-18T17:00:00,ITA,13,Abruzzo,42.35122196,13.39843823,58,2,60,374,434,-4,2,2389,458,,,3281,95546,64327,dc-IT-0054,,,
2020-06-19T17:00:00,ITA,13,Abruzzo,42.35122196,13.39843823,53,1,54,353,407,-27,1,2414,459,,,3280,96581,64987,dc-IT-0056,,,
2020-06-20T17:00:00,ITA,13,Abruzzo,42.35122196,13.39843823,49,3,52,352,404,-3,1,2418,459,,,3281,97625,65606,,,,
2020-06-21T17:00:00,ITA,13,Abruzzo,42.35122196,13.39843823,50,3,53,350,403,-1,0,2419,459,,,3281,98708,66342,,,,
2020-06-22T17:00:00,ITA,13,Abruzzo,42.35122196,13.39843823,49,3,52,342,394,-9,1,2428,460,,,3282,98872,66466,,,,
2020-06-23T17:00:00,ITA,13,Abruzzo,42.35122196,13.39843823,46,3,49,342,391,-3,0,2431,460,,,3282,99976,67151,,,,
2020-06-24T17:00:00,ITA,13,Abruzzo,42.35122196,13.39843823,41,2,43,335,378,-13,1,2444,461,,,3283,100918,67617,,,,
2020-06-25T17:00:00,ITA,13,Abruzzo,42.35122196,13.39843823,32,2,34,337,371,-7,1,2452,461,3113,171,3284,101814,68098,,,,
2020-06-26T17:00:00,ITA,13,Abruzzo,42.35122196,13.39843823,30,2,32,326,358,-13,1,2466,461,3112,173,3285,102606,68584,,,,
2020-06-27T17:00:00,ITA,13,Abruzzo,42.35122196,13.39843823,31,2,33,304,337,-21,0,2487,461,3111,174,3285,103771,69214,,,,
2020-06-28T17:00:00,ITA,13,Abruzzo,42.35122196,13.39843823,28,2,30,254,284,-53,1,2540,462,3102,184,3286,104558,69720,,,,
2020-06-29T17:00:00,ITA,13,Abruzzo,42.35122196,13.39843823,28,2,30,252,282,-2,1,2543,462,3102,185,3287,104822,69874,,,,
2020-06-30T17:00:00,ITA,13,Abruzzo,42.35122196,13.39843823,33,0,33,164,197,-85,0,2626,464,3100,187,3287,105653,70443,,,,
2020-07-01T17:00:00,ITA,13,Abruzzo,42.35122196,13.39843823,32,0,32,138,170,-27,2,2655,464,3099,190,3289,106350,70898,,,,
2020-07-02T17:00:00,ITA,13,Abruzzo,42.35122196,13.39843823,28,0,28,132,160,-10,3,2668,464,3102,190,3292,107535,71520,,,,
2020-07-03T17:00:00,ITA,13,Abruzzo,42.35122196,13.39843823,27,0,27,129,156,-4,6,2678,464,3104,194,3298,108363,71976,,,,
2020-07-04T17:00:00,ITA,13,Abruzzo,42.35122196,13.39843823,28,0,28,131,159,3,7,2682,464,3108,197,3305,109379,72652,,,,
2020-07-05T17:00:00,ITA,13,Abruzzo,42.35122196,13.39843823,30,0,30,133,163,4,4,2682,464,3107,202,3309,110052,73142,,,,
2020-07-06T17:00:00,ITA,13,Abruzzo,42.35122196,13.39843823,30,0,30,126,156,-7,0,2689,464,3106,203,3309,110126,73199,,,,
2020-07-07T17:00:00,ITA,13,Abruzzo,42.35122196,13.39843823,28,0,28,125,153,-3,0,2692,464,3106,203,3309,110863,73722,,,,
2020-07-08T17:00:00,ITA,13,Abruzzo,42.35122196,13.39843823,27,0,27,118,145,-8,1,2701,464,3104,206,3310,111752,74235,,,,
2020-07-09T17:00:00,ITA,13,Abruzzo,42.35122196,13.39843823,26,0,26,121,147,2,8,2707,464,3112,206,3318,112505,74697,,,,
2020-07-10T17:00:00,ITA,13,Abruzzo,42.35122196,13.39843823,26,0,26,122,148,1,3,2709,464,3112,209,3321,113388,75231,,,,
2020-07-11T17:00:00,ITA,13,Abruzzo,42.35122196,13.39843823,25,0,25,122,147,-1,2,2712,464,3113,210,3323,114219,75741,,,,
2020-07-12T17:00:00,ITA,13,Abruzzo,42.35122196,13.39843823,22,0,22,128,150,3,5,2713,465,3116,212,3328,115119,76203,,,,
2020-07-13T17:00:00,ITA,13,Abruzzo,42.35122196,13.39843823,19,0,19,124,143,-7,0,2719,466,3113,215,3328,115176,76243,,,,
2020-07-14T17:00:00,ITA,13,Abruzzo,42.35122196,13.39843823,19,0,19,102,121,-22,0,2740,467,3113,215,3328,115444,76420,,,,
2020-07-15T17:00:00,ITA,13,Abruzzo,42.35122196,13.39843823,17,0,17,107,124,3,3,2740,467,3113,218,3331,116253,76907,,,,
2020-07-16T17:00:00,ITA,13,Abruzzo,42.35122196,13.39843823,17,0,17,103,120,-4,2,2745,468,3115,218,3333,117027,77425,,,,
2020-07-17T17:00:00,ITA,13,Abruzzo,42.35122196,13.39843823,17,0,17,102,119,-1,1,2747,468,3116,218,3334,117780,77893,,,,
2020-07-18T17:00:00,ITA,13,Abruzzo,42.35122196,13.39843823,15,0,15,102,117,-2,1,2750,468,3113,222,3335,118745,78469,,,,
2020-07-19T17:00:00,ITA,13,Abruzzo,42.35122196,13.39843823,14,0,14,103,117,0,1,2751,468,3113,223,3336,119504,78949,,,,
2020-07-20T17:00:00,ITA,13,Abruzzo,42.35122196,13.39843823,13,0,13,108,121,4,6,2753,468,3117,225,3342,119651,79070,,,,
2020-07-21T17:00:00,ITA,13,Abruzzo,42.35122196,13.39843823,12,0,12,104,116,-5,2,2758,470,3119,225,3344,120227,79463,,,,
2020-07-22T17:00:00,ITA,13,Abruzzo,42.35122196,13.39843823,8,1,9,100,109,-7,0,2763,470,3117,225,3342,120967,79901,"Sono stati sottratti 2 positivi erroneamente conteggiati nei giorni precedenti",,,
2020-07-23T17:00:00,ITA,13,Abruzzo,42.35122196,13.39843823,8,2,10,105,115,6,10,2767,470,3125,227,3352,122303,80636,,,,
2020-07-24T17:00:00,ITA,13,Abruzzo,42.35122196,13.39843823,11,2,13,100,113,-2,4,2773,470,3129,227,3356,123200,81191,,,,
2020-07-25T17:00:00,ITA,13,Abruzzo,42.35122196,13.39843823,11,2,13,99,112,-1,3,2777,470,3130,229,3359,123996,81641,,,,
2020-07-26T17:00:00,ITA,13,Abruzzo,42.35122196,13.39843823,13,2,15,97,112,0,1,2777,470,3129,230,3359,127354,83616,"E' stato eliminato n. 1 caso positivo erroneamente comunicato in precedenza",,,
2020-07-27T17:00:00,ITA,13,Abruzzo,42.35122196,13.39843823,13,1,14,100,114,2,9,2783,471,3130,238,3368,125155,82423,IERI (domenica) i dati sui casi testati e tamponi erano errati. I numeri corretti erano 82245 casi e 124891 tamponi.,,,
2020-07-28T17:00:00,ITA,13,Abruzzo,42.35122196,13.39843823,14,1,15,92,107,-7,1,2790,472,3131,238,3369,125542,82644,,,,
2020-07-29T17:00:00,ITA,13,Abruzzo,42.35122196,13.39843823,14,1,15,94,109,2,4,2792,472,3135,238,3373,126445,83195,,,,
2020-07-30T17:00:00,ITA,13,Abruzzo,42.35122196,13.39843823,14,1,15,91,106,-3,4,2799,472,3136,241,3377,127417,83816,,,,
2020-07-31T17:00:00,ITA,13,Abruzzo,42.35122196,13.39843823,13,1,14,97,111,5,5,2799,472,3138,244,3382,128483,84411,,,,
2020-08-01T17:00:00,ITA,13,Abruzzo,42.35122196,13.39843823,13,1,14,101,115,4,5,2800,472,3142,245,3387,129601,85021,,,,
2020-08-02T17:00:00,ITA,13,Abruzzo,42.35122196,13.39843823,16,1,17,99,116,1,2,2801,472,3138,251,3389,130753,85639,,,,
2020-08-03T17:00:00,ITA,13,Abruzzo,42.35122196,13.39843823,16,1,17,107,124,8,9,2802,472,3139,259,3398,130877,85744,,,,
2020-08-04T17:00:00,ITA,13,Abruzzo,42.35122196,13.39843823,18,1,19,106,125,1,3,2804,472,3141,260,3401,131432,86079,,,,
2020-08-05T17:00:00,ITA,13,Abruzzo,42.35122196,13.39843823,19,1,20,120,140,15,19,2808,472,3160,260,3420,132316,86563,,,,
2020-08-06T17:00:00,ITA,13,Abruzzo,42.35122196,13.39843823,20,1,21,132,153,13,15,2810,472,3149,286,3435,133345,86980,,,,
2020-08-07T17:00:00,ITA,13,Abruzzo,42.35122196,13.39843823,22,1,23,167,190,37,39,2812,472,3178,296,3474,134268,87440,,,,
2020-08-08T17:00:00,ITA,13,Abruzzo,42.35122196,13.39843823,24,1,25,172,197,7,12,2817,472,3160,326,3486,134980,87799,,,,
2020-08-09T17:00:00,ITA,13,Abruzzo,42.35122196,13.39843823,23,1,24,189,213,16,16,2817,472,3174,328,3502,136214,88565,,,,
2020-08-10T17:00:00,ITA,13,Abruzzo,42.35122196,13.39843823,24,1,25,194,219,6,7,2818,472,3175,334,3509,136365,88650,,,,
2020-08-11T17:00:00,ITA,13,Abruzzo,42.35122196,13.39843823,23,1,24,195,219,0,3,2821,472,3166,346,3512,136795,88902,,,,
2020-08-12T17:00:00,ITA,13,Abruzzo,42.35122196,13.39843823,23,1,24,197,221,2,9,2823,472,3166,350,3516,137776,89381,,,,
2020-08-13T17:00:00,ITA,13,Abruzzo,42.35122196,13.39843823,24,1,25,209,234,13,16,2826,472,3174,358,3532,138681,89847,,,,
2020-08-14T17:00:00,ITA,13,Abruzzo,42.35122196,13.39843823,23,1,24,218,242,8,13,2831,472,3186,359,3545,139426,90264,,,,
2020-08-15T17:00:00,ITA,13,Abruzzo,42.35122196,13.39843823,25,1,26,226,252,10,13,2834,472,3196,362,3558,140692,91060,,,,
2020-08-16T17:00:00,ITA,13,Abruzzo,42.35122196,13.39843823,25,1,26,228,254,2,2,2834,472,3195,365,3560,140925,91242,,,,
2020-08-17T17:00:00,ITA,13,Abruzzo,42.35122196,13.39843823,27,1,28,227,255,1,5,2838,472,3200,365,3565,141205,91479,,,,
2020-08-18T17:00:00,ITA,13,Abruzzo,42.35122196,13.39843823,27,1,28,230,258,3,5,2840,472,3205,365,3570,141741,91835,,,,
2020-08-19T17:00:00,ITA,13,Abruzzo,42.35122196,13.39843823,25,2,27,238,265,7,7,2840,472,3206,371,3577,143041,92656,,,,
2020-08-20T17:00:00,ITA,13,Abruzzo,42.35122196,13.39843823,27,1,28,240,268,3,4,2841,472,3206,375,3581,144159,93423,,,,
2020-08-21T17:00:00,ITA,13,Abruzzo,42.35122196,13.39843823,30,1,31,258,289,21,23,2843,472,3215,389,3604,145369,94284,,,,
2020-08-22T17:00:00,ITA,13,Abruzzo,42.35122196,13.39843823,32,1,33,280,313,24,24,2843,472,3237,391,3628,146579,95034,,,,
2020-08-23T17:00:00,ITA,13,Abruzzo,42.35122196,13.39843823,31,1,32,300,332,19,21,2844,472,3250,398,3648,147963,95928,,,,
2020-08-24T17:00:00,ITA,13,Abruzzo,42.35122196,13.39843823,34,1,35,301,336,4,4,2844,472,3251,401,3652,148149,96085,,,,
2020-08-25T17:00:00,ITA,13,Abruzzo,42.35122196,13.39843823,33,1,34,308,342,6,10,2848,472,3256,406,3662,148901,96605,,,,
2020-08-26T17:00:00,ITA,13,Abruzzo,42.35122196,13.39843823,34,1,35,331,366,24,26,2849,472,3273,414,3687,150149,97421,,,,
2020-08-27T17:00:00,ITA,13,Abruzzo,42.35122196,13.39843823,37,1,38,343,381,15,18,2852,472,3283,422,3705,151723,98466,,,,
2020-08-28T17:00:00,ITA,13,Abruzzo,42.35122196,13.39843823,39,1,40,343,383,2,20,2870,472,3300,425,3725,153133,99372,,,,
2020-08-29T17:00:00,ITA,13,Abruzzo,42.35122196,13.39843823,37,1,38,357,395,12,14,2872,472,3309,430,3739,154590,100339,,,,
2020-08-30T17:00:00,ITA,13,Abruzzo,42.35122196,13.39843823,37,1,38,391,429,34,34,2872,472,3331,442,3773,156774,101829,,,,
2020-08-31T17:00:00,ITA,13,Abruzzo,42.35122196,13.39843823,35,1,36,391,427,-2,4,2878,472,3331,446,3777,157035,101993,,,,
2020-09-01T17:00:00,ITA,13,Abruzzo,42.35122196,13.39843823,29,1,30,376,406,-21,5,2902,472,3331,449,3780,157881,102588,,,,
2020-09-02T17:00:00,ITA,13,Abruzzo,42.35122196,13.39843823,30,1,31,399,430,24,24,2902,472,3353,451,3804,159429,103603,,,,
2020-09-03T17:00:00,ITA,13,Abruzzo,42.35122196,13.39843823,33,1,34,420,454,24,24,2902,472,3367,461,3828,160980,104572,,,,
2020-09-04T17:00:00,ITA,13,Abruzzo,42.35122196,13.39843823,32,1,33,438,471,17,25,2910,472,3391,462,3853,162483,105546,,,,
2020-09-05T17:00:00,ITA,13,Abruzzo,42.35122196,13.39843823,32,2,34,449,483,12,13,2910,472,3396,469,3865,164140,106544,"Dal totale dei positivi è stato sottratto 1 caso precedentemente conteggiato 2 volte",,,
2020-09-06T17:00:00,ITA,13,Abruzzo,42.35122196,13.39843823,32,2,34,475,509,26,26,2910,472,3417,474,3891,165666,107501,,,,
2020-09-07T17:00:00,ITA,13,Abruzzo,42.35122196,13.39843823,31,2,33,487,520,11,15,2914,472,3424,482,3906,166611,108107,,,,
2020-09-08T17:00:00,ITA,13,Abruzzo,42.35122196,13.39843823,34,2,36,487,523,3,14,2924,472,3434,485,3919,167478,108691,"Dal totale dei positivi è stato sottratto 1 caso dei giorni passati, in quanto già in carico ad altra Regione.",,,
2020-09-09T17:00:00,ITA,13,Abruzzo,42.35122196,13.39843823,35,2,37,469,506,-17,5,2943,472,3427,494,3921,169023,109697,"Dal totale dei positivi sono stati sottratti 3 casi di ieri, in quanto in carico ad altra Regione.",,,
2020-09-10T17:00:00,ITA,13,Abruzzo,42.35122196,13.39843823,35,3,38,474,512,6,11,2948,472,3433,499,3932,170623,110567,,,,
2020-09-11T17:00:00,ITA,13,Abruzzo,42.35122196,13.39843823,36,4,40,501,541,29,35,2954,472,3467,500,3967,172308,111700,,,,
2020-09-12T17:00:00,ITA,13,Abruzzo,42.35122196,13.39843823,37,3,40,504,544,3,11,2962,472,3468,510,3978,173892,112658,,,,
2020-09-13T17:00:00,ITA,13,Abruzzo,42.35122196,13.39843823,41,3,44,535,579,35,37,2964,472,3503,512,4015,175854,113956,,,,
2020-09-14T17:00:00,ITA,13,Abruzzo,42.35122196,13.39843823,41,4,45,532,577,-2,1,2966,473,3507,509,4016,175960,114031,,,,
2020-09-15T17:00:00,ITA,13,Abruzzo,42.35122196,13.39843823,42,4,46,545,591,14,18,2970,473,3520,514,4034,176979,114687,,,,
2020-09-16T17:00:00,ITA,13,Abruzzo,42.35122196,13.39843823,42,5,47,559,606,15,18,2973,473,3533,519,4052,178556,115700,,,,
2020-09-17T17:00:00,ITA,13,Abruzzo,42.35122196,13.39843823,45,5,50,582,632,26,33,2978,473,3559,524,4083,180302,116740,,,,
2020-09-18T17:00:00,ITA,13,Abruzzo,42.35122196,13.39843823,48,5,53,626,679,47,54,2984,474,3603,534,4137,182106,117719,,,,
2020-09-19T17:00:00,ITA,13,Abruzzo,42.35122196,13.39843823,48,5,53,626,679,0,0,2984,474,3603,534,4137,182106,117719,"nel prossimo weekend non ci sarà possibile elaborare i dati COVID.",,,
2020-09-20T17:00:00,ITA,13,Abruzzo,42.35122196,13.39843823,48,5,53,626,679,0,0,2984,474,3603,534,4137,182106,117719,La Regione Abruzzo comunica che non sarà possibile elaborare i dati COVID per i giorni 19 e 20 settembre. Per questi giorni verrano riportati gli stessi valori del 18 settembre; l'aggiornamento avverrà il 21 settembre.,,,
2020-09-21T17:00:00,ITA,13,Abruzzo,42.35122196,13.39843823,58,5,63,676,739,60,72,2995,475,3657,552,4209,186082,120157,,,,
2020-09-22T17:00:00,ITA,13,Abruzzo,42.35122196,13.39843823,54,5,59,683,742,3,18,3010,475,3669,558,4227,187204,120852,,,,
2020-09-23T17:00:00,ITA,13,Abruzzo,42.35122196,13.39843823,55,4,59,701,760,18,22,3012,477,3689,560,4249,189052,122050,,,,
2020-09-24T17:00:00,ITA,13,Abruzzo,42.35122196,13.39843823,50,4,54,716,770,10,17,3019,477,3683,583,4266,190927,123127,,,,
2020-09-25T17:00:00,ITA,13,Abruzzo,42.35122196,13.39843823,58,5,63,754,817,47,51,3023,477,3709,608,4317,192553,124138,,,,
2020-09-26T17:00:00,ITA,13,Abruzzo,42.35122196,13.39843823,54,5,59,762,821,4,16,3035,477,3717,616,4333,194249,124985,,,,
2020-09-27T17:00:00,ITA,13,Abruzzo,42.35122196,13.39843823,50,5,55,807,862,41,47,3040,478,3759,621,4380,196437,126265,,,,
2020-09-28T17:00:00,ITA,13,Abruzzo,42.35122196,13.39843823,54,4,58,799,857,-5,4,3048,479,3763,621,4384,196626,126392,,,,
2020-09-29T17:00:00,ITA,13,Abruzzo,42.35122196,13.39843823,52,4,56,809,865,8,14,3051,481,3764,633,4397,197714,126999,Dai positivi è stato sottratto un caso di ieri già in carico ad altra regione,,,
2020-09-30T17:00:00,ITA,13,Abruzzo,42.35122196,13.39843823,52,5,57,824,881,16,23,3057,481,3778,641,4419,199492,128012,"Dai positivi è stato sottratto un caso di ieri già in carico ad altra regione",,,
2020-10-01T17:00:00,ITA,13,Abruzzo,42.35122196,13.39843823,52,5,57,852,909,28,30,3059,481,3799,650,4449,201484,129248,,,,
2020-10-02T17:00:00,ITA,13,Abruzzo,42.35122196,13.39843823,58,6,64,874,938,29,49,3079,481,3845,653,4498,203892,130591,,,,
2020-10-03T17:00:00,ITA,13,Abruzzo,42.35122196,13.39843823,66,6,72,890,962,24,42,3097,481,3874,666,4540,205994,131710,,,,
2020-10-04T17:00:00,ITA,13,Abruzzo,42.35122196,13.39843823,70,6,76,919,995,33,37,3101,481,3911,666,4577,208336,132948,,,,
2020-10-05T17:00:00,ITA,13,Abruzzo,42.35122196,13.39843823,72,7,79,938,1017,22,30,3108,482,3925,682,4607,209580,133682,,,,
2020-10-06T17:00:00,ITA,13,Abruzzo,42.35122196,13.39843823,81,6,87,971,1058,41,48,3113,484,3964,691,4655,211128,134677,,,,
2020-10-07T17:00:00,ITA,13,Abruzzo,42.35122196,13.39843823,88,6,94,1004,1098,40,61,3132,485,4002,713,4715,213635,136225,"Dai positivi è stato sottratto un caso comunicato il 5/10 già in carico ad altra regione",,,
2020-10-08T17:00:00,ITA,13,Abruzzo,42.35122196,13.39843823,90,7,97,1055,1152,54,68,3145,486,4061,722,4783,215967,137364,,,,
2020-10-09T17:00:00,ITA,13,Abruzzo,42.35122196,13.39843823,100,7,107,1142,1249,97,103,3150,487,4131,755,4886,218754,138835,,,,
2020-10-10T17:00:00,ITA,13,Abruzzo,42.35122196,13.39843823,110,7,117,1224,1341,92,94,3152,487,4194,786,4980,221142,140150,,,,
2020-10-11T17:00:00,ITA,13,Abruzzo,42.35122196,13.39843823,116,8,124,1293,1417,76,77,3153,487,4245,812,5057,223420,141605,,,,
2020-10-12T17:00:00,ITA,13,Abruzzo,42.35122196,13.39843823,137,11,148,1384,1532,115,117,3154,488,4336,838,5174,225647,142974,,,,
2020-10-13T17:00:00,ITA,13,Abruzzo,42.35122196,13.39843823,146,15,161,1518,1679,147,146,3153,488,4437,883,5320,228524,144769,,,,
2020-10-14T17:00:00,ITA,13,Abruzzo,42.35122196,13.39843823,154,15,169,1632,1801,122,126,3156,489,4555,891,5446,231053,146193,,,,
2020-10-15T17:00:00,ITA,13,Abruzzo,42.35122196,13.39843823,159,10,169,1824,1993,192,203,3164,491,4688,960,5648,234275,148088,"Dal totale è stato sottratto un caso comunicato nei giorni sorsi in quanto conteggiato 2 volte",,,
2020-10-16T17:00:00,ITA,13,Abruzzo,42.35122196,13.39843823,167,11,178,1972,2150,157,178,3184,491,4828,997,5825,237943,150236,,,,
2020-10-17T17:00:00,ITA,13,Abruzzo,42.35122196,13.39843823,169,13,182,2112,2294,144,148,3186,493,4950,1023,5973,241046,151830,,,,
2020-10-18T17:00:00,ITA,13,Abruzzo,42.35122196,13.39843823,170,13,183,2330,2513,219,221,3187,494,5175,1019,6194,244761,153850,"",,,
2020-10-19T17:00:00,ITA,13,Abruzzo,42.35122196,13.39843823,197,13,210,2459,2669,156,159,3190,494,5282,1071,6353,246937,155193,,,,
2020-10-20T17:00:00,ITA,13,Abruzzo,42.35122196,13.39843823,210,15,225,2620,2845,176,184,3194,495,5319,1215,6534,250052,156991,Dai casi totali sono stati sottratti 3 positivi. Due di questi in quanto conteggiati 2 volte nei giorni scorsi e 1 caso in quanto già in carico ad altra regione.,,,
2020-10-21T17:00:00,ITA,13,Abruzzo,42.35122196,13.39843823,212,14,226,2865,3091,246,252,3195,500,5397,1389,6786,253175,158874,,,,
2020-10-22T17:00:00,ITA,13,Abruzzo,42.35122196,13.39843823,208,16,224,3152,3376,285,306,3214,501,5616,1475,7091,256324,160689,"dal totale dei positivi è stato sottratto un caso dei giorni passati, in quanto nominativo duplicato (conteggiato due volte)",,,
2020-10-23T17:00:00,ITA,13,Abruzzo,42.35122196,13.39843823,228,16,244,3285,3529,153,234,3293,503,5743,1582,7325,259623,162471,,,,
2020-10-24T17:00:00,ITA,13,Abruzzo,42.35122196,13.39843823,228,18,246,3496,3742,213,375,3455,503,6058,1642,7700,263485,164810,,,,
2020-10-25T17:00:00,ITA,13,Abruzzo,42.35122196,13.39843823,245,18,263,3822,4085,343,368,3469,514,6422,1646,8068,266853,166730,,,,
2020-10-26T17:00:00,ITA,13,Abruzzo,42.35122196,13.39843823,249,21,270,4083,4353,268,348,3537,524,6549,1865,8414,270057,168842,dal totale sono stati sottratti 2 casi dei giorni passati in quanto pazienti già in carico in altre Regioni e/o casi duplicati,,,
2020-10-27T17:00:00,ITA,13,Abruzzo,42.35122196,13.39843823,284,22,306,4303,4609,256,345,3618,532,6641,2118,8759,272901,170530,,,,
2020-10-28T17:00:00,ITA,13,Abruzzo,42.35122196,13.39843823,306,26,332,4697,5029,420,434,3630,534,6889,2304,9193,276681,172659,,,,
2020-10-29T17:00:00,ITA,13,Abruzzo,42.35122196,13.39843823,331,26,357,5087,5444,415,482,3690,540,7200,2474,9674,280591,174707,"Dal totale dei positivi è stato eliminato un caso di ieri in quanto duplicato,,,
2020-10-30T17:00:00,ITA,13,Abruzzo,42.35122196,13.39843823,355,27,382,5414,5796,352,428,3764,542,7498,2604,10102,283894,176636,,,,
2020-10-31T17:00:00,ITA,13,Abruzzo,42.35122196,13.39843823,371,29,400,5803,6203,407,450,3799,550,7739,2813,10552,287781,178791,,,,
2020-11-01T17:00:00,ITA,13,Abruzzo,42.35122196,13.39843823,391,32,423,6210,6633,430,489,3854,554,6792,4249,11041,291057,180627,Sono stati rialliallineati alcuni casi da scrrening,,,
2020-11-02T17:00:00,ITA,13,Abruzzo,42.35122196,13.39843823,401,33,434,6657,7091,458,478,3872,556,7083,4436,11519,294594,182672,,,,
2020-11-03T17:00:00,ITA,13,Abruzzo,42.35122196,13.39843823,429,38,467,7180,7647,556,601,3909,564,7026,5094,12120,298279,184865,,,,
2020-11-04T17:00:00,ITA,13,Abruzzo,42.35122196,13.39843823,427,36,463,7569,8032,385,423,3943,568,7110,5433,12543,301822,186722,,,,
2020-11-05T17:00:00,ITA,13,Abruzzo,42.35122196,13.39843823,458,36,494,7770,8264,232,571,4273,577,7339,5775,13114,305438,188627,,,,
2020-11-06T17:00:00,ITA,13,Abruzzo,42.35122196,13.39843823,468,42,510,8071,8581,317,395,4340,584,7396,6109,13505,308505,190210,Dal totale dei positivi sono stati eliminati 3 casi del 05/11/2020 in quanto duplicati e un caso in quanto già in carico ad altra regione.,,,
2020-11-07T17:00:00,ITA,13,Abruzzo,42.35122196,13.39843823,484,43,527,8368,8895,314,432,4445,596,7309,6627,13936,311779,191808,"Dal totale dei positivi è stato eliminato 1 casi in quanto duplicato.",,,
2020-11-08T17:00:00,ITA,13,Abruzzo,42.35122196,13.39843823,484,43,527,8804,9331,436,584,4592,596,7615,6904,14519,315128,193373,Dal totale dei positivi è stato eliminato 1 caso in quanto paziente non covid.,,,
2020-11-09T17:00:00,ITA,13,Abruzzo,42.35122196,13.39843823,513,48,561,9311,9872,541,625,4669,602,7729,7414,15143,319079,195550,"Dal totale dei positivi è stato eliminato 1 caso in quanto duplicato",,,
2020-11-10T17:00:00,ITA,13,Abruzzo,42.35122196,13.39843823,530,46,576,9852,10428,556,746,4832,628,7882,8006,15888,323845,197902,"Sono stati conteggiati anche 21 decessi delle scorse 3 settimane, comunicati oggi dalla ASL 201 ed il cui dettaglio é stato inserito oggi nel portale ISS. Oggi è stato sottratto 1 caso dal totale dei positivi, a seguito di controlli sui dati anagrafici. ",,,
2020-11-11T17:00:00,ITA,13,Abruzzo,42.35122196,13.39843823,546,51,597,10353,10950,522,662,4956,644,8078,8472,16550,328068,199985,,,,
2020-11-12T17:00:00,ITA,13,Abruzzo,42.35122196,13.39843823,547,52,599,10817,11416,466,541,5029,646,8236,8855,17091,330704,200964,,,,
2020-11-13T17:00:00,ITA,13,Abruzzo,42.35122196,13.39843823,567,57,624,11284,11908,492,683,5205,661,8585,9189,17774,335473,203208,,,,
2020-11-14T17:00:00,ITA,13,Abruzzo,42.35122196,13.39843823,545,59,604,12018,12622,714,939,5420,671,9457,9256,18713,340656,205812,,,,
2020-11-15T17:00:00,ITA,13,Abruzzo,42.35122196,13.39843823,565,59,624,12410,13034,412,470,5469,679,9174,10008,19182,344353,207477,Dal totale dei positivi è stato eliminato 1 caso del 14/11/2020 in quanto duplicato.,,,
2020-11-16T17:00:00,ITA,13,Abruzzo,42.35122196,13.39843823,571,59,630,12869,13499,465,642,5634,690,9249,10574,19823,347929,209407,"Dal totale dei positivi è stato eliminato 1 caso in quanto non paziente COVID",,,
2020-11-17T17:00:00,ITA,13,Abruzzo,42.35122196,13.39843823,590,66,656,13352,14008,509,729,5841,703,9470,11082,20552,352882,211733,,,,
2020-11-18T17:00:00,ITA,13,Abruzzo,42.35122196,13.39843823,621,65,686,13704,14390,382,641,6091,712,9972,11221,21193,357482,213814,,,,
2020-11-19T17:00:00,ITA,13,Abruzzo,42.35122196,13.39843823,658,74,732,14130,14862,472,649,6259,721,9825,12017,21842,362295,215944,,,,
2020-11-20T17:00:00,ITA,13,Abruzzo,42.35122196,13.39843823,661,75,736,14642,15378,516,705,6430,739,10048,12499,22547,366943,218064,,,,
2020-11-21T17:00:00,ITA,13,Abruzzo,42.35122196,13.39843823,676,73,749,14848,15597,219,541,6717,774,10218,12870,23088,371339,219918,Sono stati conteggiati 26 decessi avvenuti nelle settimane precedenti e non ancora comunicati. ,,,
2020-11-22T17:00:00,ITA,13,Abruzzo,42.35122196,13.39843823,664,72,736,15395,16131,534,560,6731,786,10440,13208,23648,375917,221913,,,,
2020-11-23T17:00:00,ITA,13,Abruzzo,42.35122196,13.39843823,672,71,743,15606,16349,218,640,7135,804,10650,13638,24288,380408,223871,,,,
2020-11-24T17:00:00,ITA,13,Abruzzo,42.35122196,13.39843823,672,71,743,15913,16656,307,536,7344,822,10828,13994,24822,385071,225989,dal totale dei positivi sono stati sottratti 2 casi del giorno 23/11 in quanto non pazienti COVID,,,
2020-11-25T17:00:00,ITA,13,Abruzzo,42.35122196,13.39843823,676,72,748,16284,17032,376,623,7582,831,11396,14049,25445,389766,228016,,,,
2020-11-26T17:00:00,ITA,13,Abruzzo,42.35122196,13.39843823,694,74,768,16566,17334,302,570,7830,851,11607,14408,26015,394751,229937,,,,
2020-11-27T17:00:00,ITA,13,Abruzzo,42.35122196,13.39843823,689,74,763,16797,17560,226,510,8097,868,11387,15138,26525,398946,231706,Un caso positivo dei giorni precedenti è in corso di definizione,,,
2020-11-28T17:00:00,ITA,13,Abruzzo,42.35122196,13.39843823,680,77,757,17005,17762,202,532,8415,879,11819,15237,27056,403356,233698,e' stato sottratto un positivo del 27/11/2020 in quanto duplicato.,,,
2020-11-29T17:00:00,ITA,13,Abruzzo,42.35122196,13.39843823,659,75,734,17306,18040,278,413,8543,886,11912,15557,27469,407501,235487,,,,
2020-11-30T17:00:00,ITA,13,Abruzzo,42.35122196,13.39843823,714,76,790,17402,18192,152,556,8939,893,18812,9212,28024,411685,237280,"Dal totale dei casi positivi è stato sottratto 1 caso dei giorni passati, in quanto caso duplicato. Inoltre è stato aggiornato il dato relativo ai ricoverati NON in t.i. che ieri domenica era stato sottostimato di 29 unità. Per adeguarci a quanto richiesto dal Ministero per il nuovo report di monitoraggio, la distinzione dei casi positivi (tra sospetto diagnostico e casi da screening) è in fase di revisione.",,,
2020-12-01T17:00:00,ITA,13,Abruzzo,42.35122196,13.39843823,697,76,773,17415,18188,-4,396,9326,906,14700,13720,28420,415586,238795,,,,
2020-12-02T17:00:00,ITA,13,Abruzzo,42.35122196,13.39843823,703,74,777,17207,17984,-204,381,9890,927,14657,14144,28801,419970,240318,,,,
2020-12-03T17:00:00,ITA,13,Abruzzo,42.35122196,13.39843823,698,76,774,17054,17828,-156,395,10428,940,0,0,29196,424370,241874,,8,,
2020-12-04T17:00:00,ITA,13,Abruzzo,42.35122196,13.39843823,700,73,773,17019,17792,-36,408,10857,955,,,29604,428610,243415,,6,,
2020-12-05T17:00:00,ITA,13,Abruzzo,42.35122196,13.39843823,675,73,748,16499,17247,-545,376,11764,969,,,29980,433771,245073,,3,,
2020-12-06T17:00:00,ITA,13,Abruzzo,42.35122196,13.39843823,667,71,738,16350,17088,-159,294,12206,980,,,30274,438472,246492,,2,,
2020-12-07T17:00:00,ITA,13,Abruzzo,42.35122196,13.39843823,678,73,751,15890,16641,-447,124,12768,989,,,30398,440108,246934,,5,,
2020-12-08T17:00:00,ITA,13,Abruzzo,42.35122196,13.39843823,658,69,727,15722,16449,-192,312,13267,994,,,30710,444065,248363,,4,,
2020-12-09T17:00:00,ITA,13,Abruzzo,42.35122196,13.39843823,666,64,730,15591,16321,-128,264,13650,1003,,,30974,446996,249398,,2,,
2020-12-10T17:00:00,ITA,13,Abruzzo,42.35122196,13.39843823,657,65,722,15269,15991,-330,227,14197,1013,,,31201,449788,250253,,6,,
2020-12-11T17:00:00,ITA,13,Abruzzo,42.35122196,13.39843823,647,66,713,14786,15499,-492,262,14947,1017,,,31463,453936,251413,,5,,
2020-12-12T17:00:00,ITA,13,Abruzzo,42.35122196,13.39843823,631,64,695,14449,15144,-355,277,15567,1029,,,31740,458795,252815,,3,,
2020-12-13T17:00:00,ITA,13,Abruzzo,42.35122196,13.39843823,622,63,685,14624,15309,165,344,15737,1038,,,32084,463653,254435,,4,,
2020-12-14T17:00:00,ITA,13,Abruzzo,42.35122196,13.39843823,630,64,694,14188,14882,-427,192,16336,1057,,,32275,465419,255064,"dal totale dei positivi è stato sottratto un caso dei giorni passati, a seguito di controlli interni alla ASL 201",7,,
2020-12-15T17:00:00,ITA,13,Abruzzo,42.35122196,13.39843823,601,59,660,13807,14467,-415,100,16836,1072,,,32375,467336,255645,,3,,
2020-12-16T17:00:00,ITA,13,Abruzzo,42.35122196,13.39843823,599,56,655,13331,13986,-481,257,17560,1084,,,32630,471645,257061,Sono stati sottratti 2 casi positivi dei giorni precedenti in quanto duplicati,1,,
2020-12-17T17:00:00,ITA,13,Abruzzo,42.35122196,13.39843823,584,49,633,12792,13425,-561,246,18347,1102,,,32874,476211,258633,"dal totale sono stati sottratti 2 casi positivi degli ultimi giorni poiché duplicati, grazie a controlli anagrafici effettuati ",1,,
2020-12-18T17:00:00,ITA,13,Abruzzo,42.35122196,13.39843823,559,42,601,12574,13175,-250,227,18815,1111,,,33101,480066,259774,,3,,
2020-12-19T17:00:00,ITA,13,Abruzzo,42.35122196,13.39843823,565,43,608,12332,12940,-235,156,19195,1120,,,33255,484055,260727,sono stati sottratti due casi dei giorni precedenti in quanto duplicati,2,,
2020-12-20T17:00:00,ITA,13,Abruzzo,42.35122196,13.39843823,557,42,599,12441,13040,100,216,19307,1124,,,33471,488123,261905,,4,,
2020-12-21T17:00:00,ITA,13,Abruzzo,42.35122196,13.39843823,555,43,598,12068,12666,-374,64,19739,1129,,,33534,489572,262333,E' stato sottratto 1 caso dei giorni precedenti in quanto duplicato ,4,,
2020-12-22T17:00:00,ITA,13,Abruzzo,42.35122196,13.39843823,534,41,575,11673,12248,-418,86,20235,1137,,,33620,491911,263051,,2,,
2020-12-23T17:00:00,ITA,13,Abruzzo,42.35122196,13.39843823,506,39,545,11474,12019,-229,255,20705,1151,,,33875,496034,264021,,2,,
2020-12-24T17:00:00,ITA,13,Abruzzo,42.35122196,13.39843823,491,35,526,11168,11694,-325,223,21248,1156,,,34098,501153,265272,,2,,
2020-12-25T17:00:00,ITA,13,Abruzzo,42.35122196,13.39843823,435,34,469,11398,11867,173,339,21408,1162,,,34437,505462,266505,,2,Dal totale dei tamponi processati con test antigenici ne sono stati eliminati alcuni erroneamente conteggiati.,
2020-12-26T17:00:00,ITA,13,Abruzzo,42.35122196,13.39843823,429,36,465,11420,11885,18,34,21419,1167,,,34471,505748,266642,,4,,
2020-12-27T17:00:00,ITA,13,Abruzzo,42.35122196,13.39843823,443,36,479,11337,11816,-69,25,21507,1173,,,34496,506082,266774,,2,,
2020-12-28T17:00:00,ITA,13,Abruzzo,42.35122196,13.39843823,458,38,496,11049,11545,-271,41,21812,1176,,,34533,506661,267075,"dal totale dei positivi sono stati sottratti 4 casi dei giorni scorsi, grazie a controlli anagrafici effettuati dalle ASL.",2,,
2020-12-29T17:00:00,ITA,13,Abruzzo,42.35122196,13.39843823,451,38,489,10783,11272,-273,47,22123,1185,,,34580,508059,267416,,2,,
2020-12-30T17:00:00,ITA,13,Abruzzo,42.35122196,13.39843823,432,36,468,10568,11036,-236,278,22616,1206,,,34858,512111,268650,,4,,
2020-12-31T17:00:00,ITA,13,Abruzzo,42.35122196,13.39843823,430,35,465,10608,11073,37,456,23028,1213,,,35314,516422,269992,,3,,
2021-01-01T17:00:00,ITA,13,Abruzzo,42.35122196,13.39843823,435,38,473,10900,11373,300,410,23132,1218,,,35723,519874,270995,Dal totale dei casi positivi è stato eliminato un caso in quanto duplicato.,3,,
2021-01-02T17:00:00,ITA,13,Abruzzo,42.35122196,13.39843823,443,37,480,10771,11251,-122,23,23266,1229,,,35746,520091,271089,,1,,
2021-01-03T17:00:00,ITA,13,Abruzzo,42.35122196,13.39843823,445,41,486,10937,11423,172,207,23299,1231,,,35953,522168,271920,,6,,
2021-01-04T17:00:00,ITA,13,Abruzzo,42.35122196,13.39843823,466,39,505,10700,11205,-218,121,23629,1240,,,36074,523233,272345,,1,,
2021-01-05T17:00:00,ITA,13,Abruzzo,42.35122196,13.39843823,471,39,510,10584,11094,-111,213,23941,1252,,,36287,525626,273182,,2,,
2021-01-06T17:00:00,ITA,13,Abruzzo,42.35122196,13.39843823,463,39,502,10829,11331,237,365,24066,1254,,,36651,529798,274632,Dal totale dei positivi è stato eliminato un caso in quanto duplicato.,4,,
2021-01-07T17:00:00,ITA,13,Abruzzo,42.35122196,13.39843823,478,36,514,10803,11317,-14,229,24298,1265,,,36880,532082,275385,,1,,
2021-01-08T17:00:00,ITA,13,Abruzzo,42.35122196,13.39843823,480,36,516,10581,11097,-220,160,24672,1269,,,37038,534132,276020,"Oggi sono risultati 9 deceduti ma a seguito di controlli anagrafici, dai deceduti totali sono stati sottratti 5 deceduti e dai casi positivi sono stati sottratti 2 casi in quanto casi duplicati",3,,
2021-01-09T17:00:00,ITA,13,Abruzzo,42.35122196,13.39843823,463,40,503,10760,11263,166,400,24901,1274,,,37438,538731,277443,,5,,
2021-01-10T17:00:00,ITA,13,Abruzzo,42.35122196,13.39843823,465,41,506,11035,11541,278,315,24935,1277,,,37753,542413,278572,,3,,
2021-01-11T17:00:00,ITA,13,Abruzzo,42.35122196,13.39843823,471,38,509,10871,11380,-161,120,25208,1285,,,37873,543730,278967,,1,,
2021-01-12T17:00:00,ITA,13,Abruzzo,42.35122196,13.39843823,478,38,516,10621,11137,-243,152,25597,1291,,,38025,546247,279653,,1,,
2021-01-13T17:00:00,ITA,13,Abruzzo,42.35122196,13.39843823,468,40,508,10708,11216,79,314,25823,1300,,,38339,550152,280892,,5,,
2021-01-14T17:00:00,ITA,13,Abruzzo,42.35122196,13.39843823,453,40,493,10687,11180,-36,256,26105,1309,,,38594,554396,282109,"E' stato sottratto 1 caso dal Totale Positivi in seguito a controlli anagrafici sui nuovi positivi registrati ieri, i quali, quindi, dovevano essere 1 in meno. (Ulisse Martegiani)",4,,
2021-01-15T17:00:00,ITA,13,Abruzzo,42.35122196,13.39843823,443,41,484,10763,11247,67,240,26276,1311,,,38834,558267,283574,,4,,,38834,0,557650,617,ITF,ITF1
2021-01-16T17:00:00,ITA,13,Abruzzo,42.35122196,13.39843823,443,41,484,10802,11286,39,196,26427,1317,,,39030,562518,285216,,2,,,39030,0,561255,1263,ITF,ITF1
2021-01-17T17:00:00,ITA,13,Abruzzo,42.35122196,13.39843823,443,38,481,11071,11552,266,285,26438,1325,,,39315,566681,286824,,2,,,39315,0,564891,1790,ITF,ITF1
2021-01-18T17:00:00,ITA,13,Abruzzo,42.35122196,13.39843823,454,43,497,10885,11382,-170,107,26707,1333,,,39422,578709,294728,,7,Sono stati riallineati i tamponi processati con test molecolare e test antigenico e le persone testate,,39422,0,571513,7196,ITF,ITF1
2021-01-19T17:00:00,ITA,13,Abruzzo,42.35122196,13.39843823,443,44,487,10559,11046,-336,113,27147,1342,,,39535,582757,296475,,2,,,39535,0,574255,8502,ITF,ITF1
2021-01-20T17:00:00,ITA,13,Abruzzo,42.35122196,13.39843823,443,45,488,10499,10987,-59,279,27478,1349,,,39814,594245,302829,,4,,,39814,0,578930,15315,ITF,ITF1
2021-01-21T17:00:00,ITA,13,Abruzzo,42.35122196,13.39843823,442,43,485,10175,10660,-327,212,28007,1358,,,40025,605038,309374,A seguito di controlli anagrafici dal totale casi positivi è stato sottratto 1 caso in quanto caso duplicato. (Ulisse Martegiani),4,,,40025,0,583092,21946,ITF,ITF1
2021-01-22T17:00:00,ITA,13,Abruzzo,42.35122196,13.39843823,441,40,481,10018,10499,-161,318,28469,1375,,,40343,614350,314649,,4,,,40343,0,587203,27147,ITF,ITF1
2021-01-23T17:00:00,ITA,13,Abruzzo,42.35122196,13.39843823,427,41,468,9943,10411,-88,221,28768,1385,,,40564,623624,319988,,3,,,40564,0,591078,32546,ITF,ITF1
2021-01-24T17:00:00,ITA,13,Abruzzo,42.35122196,13.39843823,430,44,474,10180,10654,243,325,28842,1393,,,40889,636872,327969,,4,,,40889,0,595778,41094,ITF,ITF1
2021-01-25T17:00:00,ITA,13,Abruzzo,42.35122196,13.39843823,426,44,470,9726,10196,-458,69,29341,1418,,,40955,643557,332337,"NB: dal totale dei positivi sono stati sottratti 3 casi, di cui 2 già in carico ad altre Regioni e 1 per controlli effettuati dalla ASL. ",1,,,40955,0,597578,45979,ITF,ITF1
2021-01-26T17:00:00,ITA,13,Abruzzo,42.35122196,13.39843823,415,42,457,9590,10047,-149,152,29625,1435,,,41107,650534,336264,,2,,,41107,0,600373,50161,ITF,ITF1
2021-01-27T17:00:00,ITA,13,Abruzzo,42.35122196,13.39843823,402,40,442,9634,10076,29,344,29933,1441,,,41450,656886,338909,"NOTA: a seguito di controlli anagrafici, dal totale dei casi positivi è stato sottratto 1 caso in quanto caso duplicato",1,,,41450,0,604877,52009,ITF,ITF1
2021-01-28T17:00:00,ITA,13,Abruzzo,42.35122196,13.39843823,399,40,439,9627,10066,-10,268,30206,1446,,,41718,663071,341654,,3,,,41718,0,608791,54280,ITF,ITF1
2021-01-29T17:00:00,ITA,13,Abruzzo,42.35122196,13.39843823,389,40,429,9639,10068,2,343,30538,1453,,,42059,668154,343754,Dal totale dei positivi sono stati sottratti due casi in quanto duplicati.,4,,,42059,0,612369,55785,ITF,ITF1
2021-01-30T17:00:00,ITA,13,Abruzzo,42.35122196,13.39843823,389,43,432,9685,10117,49,385,30865,1462,,,42444,675378,346911,,6,,,42444,0,617195,58183,ITF,ITF1
2021-01-31T17:00:00,ITA,13,Abruzzo,42.35122196,13.39843823,383,46,429,10058,10487,370,402,30892,1467,,,42846,690016,356214,,4,,,42846,0,621655,68361,ITF,ITF1
2021-02-01T17:00:00,ITA,13,Abruzzo,42.35122196,13.39843823,401,47,448,9988,10436,-51,161,31101,1470,,,43007,700984,363861,,4,,,43007,0,623041,77943,ITF,ITF1
2021-02-02T17:00:00,ITA,13,Abruzzo,42.35122196,13.39843823,414,44,458,9604,10062,-374,210,31674,1478,,,43214,708915,367003," dal totale dei positivi sono stati sottratti 3 casi dei giorni passati, di cui 2 per correzioni anagrafiche e 1 perché paziente giá in carico ad altra Regione",3,,,43214,0,627265,81650,ITF,ITF1
2021-02-03T17:00:00,ITA,13,Abruzzo,42.35122196,13.39843823,427,47,474,9545,10019,-43,449,32162,1482,,,43663,714963,369985,,4,,,43663,0,631601,83362,ITF,ITF1
2021-02-04T17:00:00,ITA,13,Abruzzo,42.35122196,13.39843823,452,47,499,9744,10243,224,526,32458,1488,,,44189,722445,373231,,3,,,44189,0,636762,85683,ITF,ITF1
2021-02-05T17:00:00,ITA,13,Abruzzo,42.35122196,13.39843823,453,48,501,9725,10226,-17,276,32740,1498,,,44464,728884,376247,Dal totale dei positivi è stato sottratto un caso in quanto duplicato.,5,,,44464,0,640431,88453,ITF,ITF1
2021-02-06T17:00:00,ITA,13,Abruzzo,42.35122196,13.39843823,461,49,510,10042,10552,326,509,32918,1502,,,44972,736955,379823,Dal totale dei positivi è stato corretto un caso in quanto errato positivo,4,,,44972,0,645388,91567,ITF,ITF1
2021-02-07T17:00:00,ITA,13,Abruzzo,42.35122196,13.39843823,470,51,521,10455,10976,424,436,32919,1513,,,45408,750538,388039,,7,,,45408,0,650144,100394,ITF,ITF1
2021-02-08T17:00:00,ITA,13,Abruzzo,42.35122196,13.39843823,487,49,536,10418,10954,-22,184,33120,1518,,,45592,770149,402022,,2,,,45592,0,651966,118183,ITF,ITF1
2021-02-09T17:00:00,ITA,13,Abruzzo,42.35122196,13.39843823,491,51,542,10207,10749,-205,241,33558,1526,,,45833,777439,405665,,5,,,45833,0,655028,122411,ITF,ITF1
2021-02-10T17:00:00,ITA,13,Abruzzo,42.35122196,13.39843823,496,52,548,10259,10807,58,314,33807,1533,,,46147,789446,411903,,5,,,46147,0,659398,130048,ITF,ITF1
2021-02-11T17:00:00,ITA,13,Abruzzo,42.35122196,13.39843823,502,53,555,10319,10874,67,540,34274,1538,,,46686,802736,418610,a seguito di controlli anagrafici dal totale casi positivi è stato sottratto un caso duplicato.,4,,,46686,0,664836,137900,ITF,ITF1
2021-02-12T17:00:00,ITA,13,Abruzzo,42.35122196,13.39843823,507,53,560,10497,11057,183,357,34441,1545,,,47043,811199,422386,,6,,,47043,0,668819,142380,ITF,ITF1
2021-02-13T17:00:00,ITA,13,Abruzzo,42.35122196,13.39843823,548,51,599,10834,11433,376,508,34558,1558,,,47549,821085,426759,Dal totale dei positivi sono stati sottratti due casi in quanto duplicati.,2,,,47549,0,673573,147512,ITF,ITF1
2021-02-14T17:00:00,ITA,13,Abruzzo,42.35122196,13.39843823,547,52,599,11049,11648,215,222,34560,1563,,,47771,828505,430322,,3,,,47771,0,676780,151725,ITF,ITF1
2021-02-15T17:00:00,ITA,13,Abruzzo,42.35122196,13.39843823,537,57,594,11383,11977,329,533,34747,1575,,,48299,852876,444845,Oggi sono risultati 533 nuovi positivi. Ma dal totale dei positivi sono stati sottratti 5 casi per correzioni anagrafiche su casi delle scorse settimane.,9,,NB: Oggi sono risultati 533 nuovi positivi. Ma dal totale dei positivi sono stati sottratti 5 casi per correzioni anagrafiche su casi delle scorse settimane.,48299,0,680147,172729,ITF,ITF1
2021-02-16T17:00:00,ITA,13,Abruzzo,42.35122196,13.39843823,535,64,599,11705,12304,327,493,34905,1582,,,48791,862998,448769,Dal totale dei positivi è stato sottratto 1 caso per correzione anagrafica effettuata sui casi delle scorse settimane.,11,,,48791,0,685912,177086,ITF,ITF1
2021-02-17T17:00:00,ITA,13,Abruzzo,42.35122196,13.39843823,551,63,614,11593,12207,-97,438,35434,1588,,,49229,872817,452963,,4,,,49229,0,690644,182173,ITF,ITF1
2021-02-18T17:00:00,ITA,13,Abruzzo,42.35122196,13.39843823,552,70,622,11686,12308,101,482,35803,1599,,,49710,882711,457272,"a seguito di controlli anagrafici, dai casi positivi totali è stato sottratto 1 caso in quanto caso duplicato",10,,,49710,0,695402,187309,ITF,ITF1
2021-02-19T17:00:00,ITA,13,Abruzzo,42.35122196,13.39843823,546,73,619,11758,12377,69,494,36219,1608,,,50204,889920,459742,,5,,,50204,0,700246,189674,ITF,ITF1
2021-02-20T17:00:00,ITA,13,Abruzzo,42.35122196,13.39843823,567,75,642,11841,12483,106,387,36497,1610,,,50590,898728,463490,Dal totale dei casi positivi è stato sottratto un caso in quanto duplicato,5,,,50590,0,704882,193846,ITF,ITF1
2021-02-21T17:00:00,ITA,13,Abruzzo,42.35122196,13.39843823,586,76,662,12262,12924,441,503,36549,1620,,,51093,918825,473253,,5,,,51093,0,709990,208835,ITF,ITF1
2021-02-22T17:00:00,ITA,13,Abruzzo,42.35122196,13.39843823,593,76,669,12304,12973,49,351,36841,1628,,,51442,933593,480727,Sono stati sottratti 2 casi dei giorni scorsi in quanto duplicati ,2,,,51442,0,712563,221030,ITF,ITF1
2021-02-23T17:00:00,ITA,13,Abruzzo,42.35122196,13.39843823,595,78,673,12150,12823,-150,322,37289,1652,,,51764,942013,483666,,12,,,51764,0,716644,225369,ITF,ITF1
2021-02-24T17:00:00,ITA,13,Abruzzo,42.35122196,13.39843823,617,76,693,12027,12720,-103,535,37917,1662,,,52299,953486,488386,,7,,,52299,0,721745,231741,ITF,ITF1
2021-02-25T17:00:00,ITA,13,Abruzzo,42.35122196,13.39843823,609,78,687,11948,12635,-85,653,38638,1678,,,52951,967052,493564,"A seguito di controlli anagrafici, dal totale dei casi positivi è stato sottratto 1 caso in quanto duplicato",5,,,52951,0,727872,239180,ITF,ITF1
2021-02-26T17:00:00,ITA,13,Abruzzo,42.35122196,13.39843823,614,74,688,12043,12731,96,594,39125,1689,,,53545,975981,496651,,4,,,53545,0,733700,242281,ITF,ITF1
2021-02-27T17:00:00,ITA,13,Abruzzo,42.35122196,13.39843823,611,77,688,12035,12723,-8,355,39479,1698,,,53900,984691,499389,,5,,,53900,0,738780,245911,ITF,ITF1
2021-02-28T17:00:00,ITA,13,Abruzzo,42.35122196,13.39843823,622,82,704,12540,13244,521,568,39523,1701,,,54468,1002799,506869,,6,,,54468,0,745319,257480,ITF,ITF1
2021-03-01T17:00:00,ITA,13,Abruzzo,42.35122196,13.39843823,633,81,714,12397,13111,-133,199,39844,1709,,,54664,1012623,511603,Sono stati eliminati 3 casi dei giorni precedenti in quanto 2 duplicati e 1 già segnalato da altra regione					 ,4,,,54664,0,748020,264603,ITF,ITF1
2021-03-02T17:00:00,ITA,13,Abruzzo,42.35122196,13.39843823,634,85,719,12336,13055,-56,246,40135,1720,,,54910,1018678,513827,,6,,,54910,0,751701,266977,ITF,ITF1
2021-03-03T17:00:00,ITA,13,Abruzzo,42.35122196,13.39843823,638,82,720,12320,13040,-15,573,40708,1731,,,55479,1027262,516369,"A seguito di controlli anagrafici, dai casi positivi sono stati sottratti 4 casi in quanto casi duplicati",8,,,55479,0,758078,269184,ITF,ITF1
2021-03-04T17:00:00,ITA,13,Abruzzo,42.35122196,13.39843823,651,85,736,12343,13079,39,552,41194,1758,,,56031,1035556,518758,,5,,,56031,0,764420,271136,ITF,ITF1
2021-03-05T17:00:00,ITA,13,Abruzzo,42.35122196,13.39843823,657,87,744,12372,13116,37,473,41621,1766,,,56503,1050587,523764,Dal totale dei positivi è stato sottratto un caso positivo in quanto già segnalato da altra regione.,5,,,56503,0,769283,281304,ITF,ITF1
2021-03-06T17:00:00,ITA,13,Abruzzo,42.35122196,13.39843823,631,86,717,12390,13107,-9,442,42046,1791,,,56944,1057893,525994,dal totale positivi è stato tolto un positivo in quanto duplicato,11,,,56944,0,774741,283152,ITF,ITF1
2021-03-07T17:00:00,ITA,13,Abruzzo,42.35122196,13.39843823,643,84,727,12838,13565,458,553,42131,1801,,,57497,1068599,529568,,3,,,57497,0,781143,287456,ITF,ITF1
2021-03-08T17:00:00,ITA,13,Abruzzo,42.35122196,13.39843823,665,84,749,12695,13444,-121,273,42510,1813,,,57767,1076297,531894,"Sono stati eliminati 3 casi dal totale dei positivi dei giorni scorsi, in quanto duplicati. I dati dei guariti e dei deceduti sono stati parzialmente aggiornati a causa di un prolungato blocco del portale dell'Istituto Superiore di Sanità.",3,,,57767,0,784667,291630,ITF,ITF1
2021-03-09T17:00:00,ITA,13,Abruzzo,42.35122196,13.39843823,672,87,759,12566,13325,-119,187,42804,1825,,,57954,1082318,533756,,8,,,57954,0,788478,293840,ITF,ITF1
