data,stato,codice_regione,denominazione_regione,lat,long,ricoverati_con_sintomi,terapia_intensiva,totale_ospedalizzati,isolamento_domiciliare,totale_positivi,variazione_totale_positivi,nuovi_positivi,dimessi_guariti,deceduti,casi_da_sospetto_diagnostico,casi_da_screening,totale_casi,tamponi,casi_testati,note,ingressi_terapia_intensiva,note_test,note_casi
2020-02-24T18:00:00,ITA,10,Umbria,43.10675841,12.38824698,0,0,0,0,0,0,0,0,0,,,0,0,,,,,
2020-02-25T18:00:00,ITA,10,Umbria,43.10675841,12.38824698,0,0,0,0,0,0,0,0,0,,,0,8,,,,,
2020-02-26T18:00:00,ITA,10,Umbria,43.10675841,12.38824698,0,0,0,0,0,0,0,0,0,,,0,8,,,,,
2020-02-27T18:00:00,ITA,10,Umbria,43.10675841,12.38824698,0,0,0,0,0,0,0,0,0,,,0,8,,,,,
2020-02-28T18:00:00,ITA,10,Umbria,43.10675841,12.38824698,0,0,0,0,0,0,0,0,0,,,0,8,,,,,
2020-02-29T17:00:00,ITA,10,Umbria,43.10675841,12.38824698,0,0,0,0,0,0,0,0,0,,,0,31,,,,,
2020-03-01T17:00:00,ITA,10,Umbria,43.10675841,12.38824698,0,0,0,2,2,2,2,0,0,,,2,35,,,,,
2020-03-02T18:00:00,ITA,10,Umbria,43.10675841,12.38824698,0,0,0,2,2,0,0,0,0,,,2,35,,,,,
2020-03-03T18:00:00,ITA,10,Umbria,43.10675841,12.38824698,1,1,2,6,8,6,6,0,0,,,8,45,,,,,
2020-03-04T17:00:00,ITA,10,Umbria,43.10675841,12.38824698,1,1,2,7,9,1,1,0,0,,,9,58,,,,,
2020-03-05T17:00:00,ITA,10,Umbria,43.10675841,12.38824698,1,1,2,7,9,0,0,0,0,,,9,88,,,,,
2020-03-06T17:00:00,ITA,10,Umbria,43.10675841,12.38824698,2,2,4,12,16,7,7,0,0,,,16,110,,,,,
2020-03-07T18:00:00,ITA,10,Umbria,43.10675841,12.38824698,2,2,4,20,24,8,8,0,0,,,24,134,,,,,
2020-03-08T18:00:00,ITA,10,Umbria,43.10675841,12.38824698,2,2,4,22,26,2,2,0,0,,,26,168,,,,,
2020-03-09T18:00:00,ITA,10,Umbria,43.10675841,12.38824698,4,2,6,22,28,2,2,0,0,,,28,183,,,,,
2020-03-10T18:00:00,ITA,10,Umbria,43.10675841,12.38824698,8,2,10,27,37,9,9,0,0,,,37,260,,,,,
2020-03-11T17:00:00,ITA,10,Umbria,43.10675841,12.38824698,7,5,12,32,44,7,9,2,0,,,46,340,,,,,
2020-03-12T17:00:00,ITA,10,Umbria,43.10675841,12.38824698,8,8,16,46,62,18,18,2,0,,,64,458,,,,,
2020-03-13T17:00:00,ITA,10,Umbria,43.10675841,12.38824698,11,10,21,52,73,11,12,2,1,,,76,576,,,,,
2020-03-14T17:00:00,ITA,10,Umbria,43.10675841,12.38824698,21,11,32,71,103,30,31,3,1,,,107,748,,,,,
2020-03-15T17:00:00,ITA,10,Umbria,43.10675841,12.38824698,25,13,38,101,139,36,36,3,1,,,143,965,,,,,
2020-03-16T17:00:00,ITA,10,Umbria,43.10675841,12.38824698,30,15,45,114,159,20,21,4,1,,,164,1093,,,,,
2020-03-17T17:00:00,ITA,10,Umbria,43.10675841,12.38824698,36,21,57,135,192,33,33,4,1,,,197,1323,,,,,
2020-03-18T17:00:00,ITA,10,Umbria,43.10675841,12.38824698,54,21,75,166,241,49,50,4,2,,,247,1601,,,,,
2020-03-19T17:00:00,ITA,10,Umbria,43.10675841,12.38824698,69,21,90,238,328,87,87,4,2,,,334,1954,,,,,
2020-03-20T17:00:00,ITA,10,Umbria,43.10675841,12.38824698,75,24,99,285,384,56,61,4,7,,,395,2303,,,,,
2020-03-21T17:00:00,ITA,10,Umbria,43.10675841,12.38824698,92,29,121,326,447,63,67,5,10,,,462,2712,,,,,
2020-03-22T17:00:00,ITA,10,Umbria,43.10675841,12.38824698,97,35,132,368,500,53,59,5,16,,,521,3135,,,,,
2020-03-23T17:00:00,ITA,10,Umbria,43.10675841,12.38824698,106,42,148,408,556,56,56,5,16,,,577,3561,,,,,
2020-03-24T17:00:00,ITA,10,Umbria,43.10675841,12.38824698,105,43,148,476,624,68,71,5,19,,,648,4108,,,,,
2020-03-25T17:00:00,ITA,10,Umbria,43.10675841,12.38824698,123,44,167,519,686,62,62,5,19,,,710,4707,,,,,
2020-03-26T17:00:00,ITA,10,Umbria,43.10675841,12.38824698,144,46,190,580,770,84,92,12,20,,,802,5428,,,,,
2020-03-27T17:00:00,ITA,10,Umbria,43.10675841,12.38824698,149,46,195,629,824,54,82,39,21,,,884,6137,,,,,
2020-03-28T17:00:00,ITA,10,Umbria,43.10675841,12.38824698,159,44,203,695,898,74,85,43,28,,,969,7028,,,,,
2020-03-29T17:00:00,ITA,10,Umbria,43.10675841,12.38824698,166,46,212,685,897,-1,54,95,31,,,1023,7685,,,,,
2020-03-30T17:00:00,ITA,10,Umbria,43.10675841,12.38824698,173,47,220,614,834,-63,28,184,33,,,1051,8150,,,,,
2020-03-31T17:00:00,ITA,10,Umbria,43.10675841,12.38824698,176,43,219,632,851,17,27,190,37,,,1078,8685,,,,,
2020-04-01T17:00:00,ITA,10,Umbria,43.10675841,12.38824698,173,45,218,646,864,13,17,194,37,,,1095,9080,,,,,
2020-04-02T17:00:00,ITA,10,Umbria,43.10675841,12.38824698,171,47,218,667,885,21,33,205,38,,,1128,9737,,,,,
2020-04-03T17:00:00,ITA,10,Umbria,43.10675841,12.38824698,165,48,213,707,920,35,51,220,39,,,1179,10614,,,,,
2020-04-04T17:00:00,ITA,10,Umbria,43.10675841,12.38824698,167,44,211,716,927,7,31,242,41,,,1210,11809,,,,,
2020-04-05T17:00:00,ITA,10,Umbria,43.10675841,12.38824698,159,45,204,694,898,-29,29,298,43,,,1239,12448,,,,,
2020-04-06T17:00:00,ITA,10,Umbria,43.10675841,12.38824698,159,46,205,667,872,-26,14,337,44,,,1253,12573,,,,,
2020-04-07T17:00:00,ITA,10,Umbria,43.10675841,12.38824698,157,41,198,648,846,-26,10,368,49,,,1263,13274,,,,,
2020-04-08T17:00:00,ITA,10,Umbria,43.10675841,12.38824698,155,41,196,627,823,-23,26,416,50,,,1289,14105,,,,,
2020-04-09T17:00:00,ITA,10,Umbria,43.10675841,12.38824698,154,38,192,600,792,-31,9,455,51,,,1298,15170,,,,,
2020-04-10T17:00:00,ITA,10,Umbria,43.10675841,12.38824698,146,39,185,567,752,-40,4,498,52,,,1302,16325,,,,,
2020-04-11T17:00:00,ITA,10,Umbria,43.10675841,12.38824698,137,39,176,547,723,-29,7,534,52,,,1309,17661,,,,,
2020-04-12T17:00:00,ITA,10,Umbria,43.10675841,12.38824698,129,39,168,519,687,-36,10,580,52,,,1319,18672,,,,,
2020-04-13T17:00:00,ITA,10,Umbria,43.10675841,12.38824698,127,38,165,460,625,-62,1,643,52,,,1320,18740,,,,,
2020-04-14T17:00:00,ITA,10,Umbria,43.10675841,12.38824698,127,37,164,458,622,-3,1,646,53,,,1321,18956,,,,,
2020-04-15T17:00:00,ITA,10,Umbria,43.10675841,12.38824698,122,37,159,423,582,-40,1,686,54,,,1322,20258,,,,,
2020-04-16T17:00:00,ITA,10,Umbria,43.10675841,12.38824698,116,33,149,387,536,-46,7,738,55,,,1329,21487,,,,,
2020-04-17T17:00:00,ITA,10,Umbria,43.10675841,12.38824698,111,31,142,352,494,-42,8,786,57,,,1337,22818,,,,,
2020-04-18T17:00:00,ITA,10,Umbria,43.10675841,12.38824698,109,32,141,290,431,-63,7,856,57,,,1344,24106,,,,,
2020-04-19T17:00:00,ITA,10,Umbria,43.10675841,12.38824698,108,30,138,298,436,5,4,854,58,,,1348,25170,16790,,,,
2020-04-20T17:00:00,ITA,10,Umbria,43.10675841,12.38824698,113,29,142,282,424,-12,1,867,58,,,1349,25562,17099,,,,
2020-04-21T17:00:00,ITA,10,Umbria,43.10675841,12.38824698,107,22,129,278,407,-17,4,886,60,,,1353,26639,17873,,,,
2020-04-22T17:00:00,ITA,10,Umbria,43.10675841,12.38824698,97,20,117,254,371,-36,4,925,61,,,1357,27655,18679,,,,
2020-04-23T17:00:00,ITA,10,Umbria,43.10675841,12.38824698,100,19,119,236,355,-16,5,946,61,,,1362,29011,19627,,,,
2020-04-24T17:00:00,ITA,10,Umbria,43.10675841,12.38824698,94,19,113,209,322,-33,1,979,62,,,1363,30524,20733,,,,
2020-04-25T17:00:00,ITA,10,Umbria,43.10675841,12.38824698,95,18,113,184,297,-25,3,1006,63,,,1366,31939,21842,,,,
2020-04-26T17:00:00,ITA,10,Umbria,43.10675841,12.38824698,91,17,108,188,296,-1,2,1008,64,,,1368,32569,22320,,,,
2020-04-27T17:00:00,ITA,10,Umbria,43.10675841,12.38824698,90,16,106,181,287,-9,2,1018,65,,,1370,32823,22492,,,,
2020-04-28T17:00:00,ITA,10,Umbria,43.10675841,12.38824698,80,17,97,178,275,-12,9,1039,65,,,1379,33881,23263,,,,
2020-04-29T17:00:00,ITA,10,Umbria,43.10675841,12.38824698,77,16,93,168,261,-14,12,1064,66,,,1391,34937,24079,,,,
2020-04-30T17:00:00,ITA,10,Umbria,43.10675841,12.38824698,68,16,84,149,233,-28,1,1092,67,,,1392,36459,25317,,,,
2020-05-01T17:00:00,ITA,10,Umbria,43.10675841,12.38824698,60,13,73,131,204,-29,1,1121,68,,,1393,37762,26285,,,,
2020-05-02T17:00:00,ITA,10,Umbria,43.10675841,12.38824698,60,13,73,123,196,-8,1,1130,68,,,1394,38072,26463,,,,
2020-05-03T17:00:00,ITA,10,Umbria,43.10675841,12.38824698,58,13,71,112,183,-13,0,1143,68,,,1394,38823,26973,,,,
2020-05-04T17:00:00,ITA,10,Umbria,43.10675841,12.38824698,56,13,69,112,181,-2,0,1143,70,,,1394,39044,27152,,,,
2020-05-05T17:00:00,ITA,10,Umbria,43.10675841,12.38824698,56,11,67,109,176,-5,6,1154,70,,,1400,39998,27822,,,,
2020-05-06T17:00:00,ITA,10,Umbria,43.10675841,12.38824698,55,9,64,107,171,-5,4,1163,70,,,1404,41328,28712,,,,
2020-05-07T17:00:00,ITA,10,Umbria,43.10675841,12.38824698,47,9,56,85,141,-30,1,1194,70,,,1405,42788,29708,,,,
2020-05-08T17:00:00,ITA,10,Umbria,43.10675841,12.38824698,47,6,53,66,119,-22,1,1216,71,,,1406,44223,30704,,,,
2020-05-09T17:00:00,ITA,10,Umbria,43.10675841,12.38824698,45,6,51,60,111,-8,1,1225,71,,,1407,45574,31679,,,,
2020-05-10T17:00:00,ITA,10,Umbria,43.10675841,12.38824698,42,6,48,65,113,2,4,1227,71,,,1411,46923,32713,,,,
2020-05-11T17:00:00,ITA,10,Umbria,43.10675841,12.38824698,40,4,44,64,108,-5,1,1233,71,,,1412,47474,33027,,,,
2020-05-12T17:00:00,ITA,10,Umbria,43.10675841,12.38824698,41,4,45,64,109,1,7,1239,71,,,1419,49249,34207,,,,
2020-05-13T17:00:00,ITA,10,Umbria,43.10675841,12.38824698,36,4,40,66,106,-3,0,1241,72,,,1419,50731,35313,,,,
2020-05-14T17:00:00,ITA,10,Umbria,43.10675841,12.38824698,26,1,27,65,92,-14,1,1255,73,,,1420,52247,36495,,,,
2020-05-15T17:00:00,ITA,10,Umbria,43.10675841,12.38824698,25,2,27,63,90,-2,2,1259,73,,,1422,53801,37660,,,,
2020-05-16T17:00:00,ITA,10,Umbria,43.10675841,12.38824698,25,2,27,54,81,-9,0,1268,73,,,1422,55170,38663,,,,
2020-05-17T17:00:00,ITA,10,Umbria,43.10675841,12.38824698,25,2,27,51,78,-3,2,1273,73,,,1424,55956,39272,,,,
2020-05-18T17:00:00,ITA,10,Umbria,43.10675841,12.38824698,24,2,26,51,77,-1,0,1274,73,,,1424,56279,39512,,,,
2020-05-19T17:00:00,ITA,10,Umbria,43.10675841,12.38824698,25,2,27,39,66,-11,3,1287,74,,,1427,57822,40651,,,,
2020-05-20T17:00:00,ITA,10,Umbria,43.10675841,12.38824698,25,2,27,39,66,0,0,1287,74,,,1427,59220,41748,,,,
2020-05-21T17:00:00,ITA,10,Umbria,43.10675841,12.38824698,17,2,19,42,61,-5,2,1294,74,,,1429,60471,42720,,,,
2020-05-22T17:00:00,ITA,10,Umbria,43.10675841,12.38824698,16,2,18,41,59,-2,0,1296,74,,,1429,61696,43686,,,,
2020-05-23T17:00:00,ITA,10,Umbria,43.10675841,12.38824698,15,2,17,39,56,-3,1,1300,74,,,1430,63009,44473,,,,
2020-05-24T17:00:00,ITA,10,Umbria,43.10675841,12.38824698,15,2,17,36,53,-3,0,1302,75,,,1430,63717,45131,,,,
2020-05-25T17:00:00,ITA,10,Umbria,43.10675841,12.38824698,15,2,17,29,46,-7,0,1309,75,,,1430,63916,45268,,,,
2020-05-26T17:00:00,ITA,10,Umbria,43.10675841,12.38824698,12,2,14,28,42,-4,1,1314,75,,,1431,65013,46044,,,,
2020-05-27T17:00:00,ITA,10,Umbria,43.10675841,12.38824698,13,2,15,17,32,-10,0,1324,75,,,1431,66219,46975,,,,
2020-05-28T17:00:00,ITA,10,Umbria,43.10675841,12.38824698,14,2,16,17,33,1,0,1323,75,,,1431,67458,47920,,,,
2020-05-29T17:00:00,ITA,10,Umbria,43.10675841,12.38824698,15,2,17,14,31,-2,0,1324,76,,,1431,68773,48873,,,,
2020-05-30T17:00:00,ITA,10,Umbria,43.10675841,12.38824698,16,1,17,14,31,0,0,1324,76,,,1431,70023,49760,,,,
2020-05-31T17:00:00,ITA,10,Umbria,43.10675841,12.38824698,15,2,17,14,31,0,0,1324,76,,,1431,70553,50271,,,,
2020-06-01T17:00:00,ITA,10,Umbria,43.10675841,12.38824698,15,2,17,14,31,0,0,1324,76,,,1431,70741,50790,,,,
2020-06-02T17:00:00,ITA,10,Umbria,43.10675841,12.38824698,15,2,17,14,31,0,0,1324,76,,,1431,71769,51508,,,,
2020-06-03T17:00:00,ITA,10,Umbria,43.10675841,12.38824698,15,2,17,14,31,0,0,1324,76,,,1431,72001,51310,,,,
2020-06-04T17:00:00,ITA,10,Umbria,43.10675841,12.38824698,15,2,17,14,31,0,0,1324,76,,,1431,73204,52223,,,,
2020-06-05T17:00:00,ITA,10,Umbria,43.10675841,12.38824698,12,2,14,15,29,-2,0,1326,76,,,1431,74142,52888,,,,
2020-06-06T17:00:00,ITA,10,Umbria,43.10675841,12.38824698,11,2,13,15,28,-1,0,1327,76,,,1431,75336,53733,,,,
2020-06-07T17:00:00,ITA,10,Umbria,43.10675841,12.38824698,10,2,12,17,29,1,1,1327,76,,,1432,76179,54314,,,,
2020-06-08T17:00:00,ITA,10,Umbria,43.10675841,12.38824698,10,2,12,17,29,0,0,1327,76,,,1432,76413,54486,,,,
2020-06-09T17:00:00,ITA,10,Umbria,43.10675841,12.38824698,12,2,14,15,29,0,3,1330,76,,,1435,77427,55145,,,,
2020-06-10T17:00:00,ITA,10,Umbria,43.10675841,12.38824698,13,2,15,13,28,-1,1,1332,76,,,1436,78366,55763,,,,
2020-06-11T17:00:00,ITA,10,Umbria,43.10675841,12.38824698,11,2,13,13,26,-2,0,1334,76,,,1436,79234,56310,,,,
2020-06-12T17:00:00,ITA,10,Umbria,43.10675841,12.38824698,10,1,11,13,24,-2,0,1336,76,,,1436,80190,56914,,,,
2020-06-13T17:00:00,ITA,10,Umbria,43.10675841,12.38824698,10,1,11,10,21,-3,0,1339,76,,,1436,81155,57511,,,,
2020-06-14T17:00:00,ITA,10,Umbria,43.10675841,12.38824698,9,1,10,10,20,-1,0,1339,77,,,1436,81976,58013,,,,
2020-06-15T17:00:00,ITA,10,Umbria,43.10675841,12.38824698,9,1,10,8,18,-2,0,1341,77,,,1436,82235,58164,,,,
2020-06-16T17:00:00,ITA,10,Umbria,43.10675841,12.38824698,8,1,9,9,18,0,1,1342,77,,,1437,83435,58815,,,,
2020-06-17T17:00:00,ITA,10,Umbria,43.10675841,12.38824698,7,2,9,9,18,0,0,1342,77,,,1437,84511,59407,,,,
2020-06-18T17:00:00,ITA,10,Umbria,43.10675841,12.38824698,5,2,7,9,16,-2,0,1344,77,,,1437,85586,59912,,,,
2020-06-19T17:00:00,ITA,10,Umbria,43.10675841,12.38824698,5,2,7,10,17,1,1,1344,77,,,1438,86693,60357,,,,
2020-06-20T17:00:00,ITA,10,Umbria,43.10675841,12.38824698,5,2,7,10,17,0,0,1343,78,,,1438,87789,60857,,,,
2020-06-21T17:00:00,ITA,10,Umbria,43.10675841,12.38824698,4,1,5,10,15,-2,0,1345,78,,,1438,88509,61227,,,,
2020-06-22T17:00:00,ITA,10,Umbria,43.10675841,12.38824698,4,1,5,8,13,-2,0,1347,78,,,1438,88714,61375,,,,
2020-06-23T17:00:00,ITA,10,Umbria,43.10675841,12.38824698,4,1,5,7,12,-1,0,1348,78,,,1438,89831,61929,,,,
2020-06-24T17:00:00,ITA,10,Umbria,43.10675841,12.38824698,3,1,4,7,11,-1,1,1349,79,,,1439,90838,62477,,,,
2020-06-25T17:00:00,ITA,10,Umbria,43.10675841,12.38824698,3,1,4,6,10,-1,0,1350,79,1428,11,1439,91832,63068,,,,
2020-06-26T17:00:00,ITA,10,Umbria,43.10675841,12.38824698,2,1,3,7,10,0,1,1351,79,1428,12,1440,92704,63545,,,,
2020-06-27T17:00:00,ITA,10,Umbria,43.10675841,12.38824698,2,1,3,7,10,0,0,1350,80,1428,12,1440,93571,64026,,,,
2020-06-28T17:00:00,ITA,10,Umbria,43.10675841,12.38824698,2,1,3,6,9,-1,0,1351,80,1428,12,1440,94286,64456,,,,
2020-06-29T17:00:00,ITA,10,Umbria,43.10675841,12.38824698,2,1,3,6,9,0,0,1351,80,1428,12,1440,94519,64620,,,,
2020-06-30T17:00:00,ITA,10,Umbria,43.10675841,12.38824698,3,1,4,6,10,1,1,1351,80,1428,13,1441,95627,65217,,,,
2020-07-01T17:00:00,ITA,10,Umbria,43.10675841,12.38824698,3,1,4,6,10,0,0,1351,80,1428,13,1441,96602,65770,,,,
2020-07-02T17:00:00,ITA,10,Umbria,43.10675841,12.38824698,3,1,4,7,11,1,3,1353,80,1431,13,1444,97698,66402,,,,
2020-07-03T17:00:00,ITA,10,Umbria,43.10675841,12.38824698,4,0,4,6,10,-1,2,1356,80,1432,14,1446,98488,66783,,,,
2020-07-04T17:00:00,ITA,10,Umbria,43.10675841,12.38824698,4,0,4,5,9,-1,1,1358,80,1433,14,1447,99397,67231,,,,
2020-07-05T17:00:00,ITA,10,Umbria,43.10675841,12.38824698,4,0,4,5,9,0,0,1358,80,1433,14,1447,100193,67644,,,,
2020-07-06T17:00:00,ITA,10,Umbria,43.10675841,12.38824698,4,0,4,5,9,0,0,1358,80,1433,14,1447,100395,67791,,,,
2020-07-07T17:00:00,ITA,10,Umbria,43.10675841,12.38824698,3,0,3,5,8,-1,0,1359,80,1433,14,1447,101557,68353,,,,
2020-07-08T17:00:00,ITA,10,Umbria,43.10675841,12.38824698,3,0,3,4,7,-1,0,1360,80,1433,14,1447,102611,68863,,,,
2020-07-09T17:00:00,ITA,10,Umbria,43.10675841,12.38824698,3,0,3,4,7,0,0,1360,80,1433,14,1447,103642,69412,,,,
2020-07-10T17:00:00,ITA,10,Umbria,43.10675841,12.38824698,4,0,4,4,8,1,1,1360,80,1434,14,1448,104428,69774,,,,
2020-07-11T17:00:00,ITA,10,Umbria,43.10675841,12.38824698,4,0,4,4,8,0,0,1360,80,1433,15,1448,105383,70252,,,,
2020-07-12T17:00:00,ITA,10,Umbria,43.10675841,12.38824698,4,0,4,5,9,1,2,1361,80,1434,16,1450,106030,70601,,,,
2020-07-13T17:00:00,ITA,10,Umbria,43.10675841,12.38824698,4,0,4,4,8,-1,0,1362,80,1434,16,1450,106265,70762,,,,
2020-07-14T17:00:00,ITA,10,Umbria,43.10675841,12.38824698,4,0,4,4,8,0,0,1362,80,1434,16,1450,107301,71359,,,,
2020-07-15T17:00:00,ITA,10,Umbria,43.10675841,12.38824698,5,0,5,5,10,2,2,1362,80,1435,17,1452,108430,71881,,,,
2020-07-16T17:00:00,ITA,10,Umbria,43.10675841,12.38824698,5,0,5,5,10,0,0,1362,80,1435,17,1452,109277,72335,,,,
2020-07-17T17:00:00,ITA,10,Umbria,43.10675841,12.38824698,6,0,6,6,12,2,2,1362,80,1436,18,1454,110114,72708,,,,
2020-07-18T17:00:00,ITA,10,Umbria,43.10675841,12.38824698,6,0,6,8,14,2,2,1362,80,1437,19,1456,111045,73180,,,,
2020-07-19T17:00:00,ITA,10,Umbria,43.10675841,12.38824698,6,0,6,6,12,-2,0,1364,80,1437,19,1456,111772,73521,,,,
2020-07-20T17:00:00,ITA,10,Umbria,43.10675841,12.38824698,6,0,6,6,12,0,0,1364,80,1437,19,1456,111968,73653,,,,
2020-07-21T17:00:00,ITA,10,Umbria,43.10675841,12.38824698,6,0,6,8,14,2,3,1365,80,1439,20,1459,113086,74180,,,,
2020-07-22T17:00:00,ITA,10,Umbria,43.10675841,12.38824698,6,0,6,10,16,2,2,1365,80,1441,20,1461,114155,74634,,,,
2020-07-23T17:00:00,ITA,10,Umbria,43.10675841,12.38824698,6,0,6,11,17,1,2,1366,80,1443,20,1463,115059,75059,,,,
2020-07-24T17:00:00,ITA,10,Umbria,43.10675841,12.38824698,7,0,7,12,19,2,2,1366,80,1444,21,1465,115741,75407,,,,
2020-07-25T17:00:00,ITA,10,Umbria,43.10675841,12.38824698,7,0,7,10,17,-2,0,1368,80,1444,21,1465,116596,75819,,,,
2020-07-26T17:00:00,ITA,10,Umbria,43.10675841,12.38824698,7,0,7,10,17,0,0,1368,80,1444,21,1465,117103,76185,,,,
2020-07-27T17:00:00,ITA,10,Umbria,43.10675841,12.38824698,7,1,8,9,17,0,0,1368,80,1444,21,1465,117303,76311,,,,
2020-07-28T17:00:00,ITA,10,Umbria,43.10675841,12.38824698,7,1,8,9,17,0,0,1368,80,1444,21,1465,118369,76851,,,,
2020-07-29T17:00:00,ITA,10,Umbria,43.10675841,12.38824698,7,1,8,9,17,0,0,1368,80,1444,21,1465,119259,77327,,,,
2020-07-30T17:00:00,ITA,10,Umbria,43.10675841,12.38824698,7,0,7,10,17,0,0,1368,80,1444,21,1465,120199,77819,,,,
2020-07-31T17:00:00,ITA,10,Umbria,43.10675841,12.38824698,6,0,6,12,18,1,1,1368,80,1445,21,1466,120896,78170,,,,
2020-08-01T17:00:00,ITA,10,Umbria,43.10675841,12.38824698,7,0,7,17,24,6,6,1368,80,1450,22,1472,121784,78643,,,,
2020-08-02T17:00:00,ITA,10,Umbria,43.10675841,12.38824698,7,0,7,19,26,2,2,1368,80,1451,23,1474,122404,78969,,,,
2020-08-03T17:00:00,ITA,10,Umbria,43.10675841,12.38824698,7,0,7,20,27,1,1,1368,80,1451,24,1475,122665,79126,,,,
2020-08-04T17:00:00,ITA,10,Umbria,43.10675841,12.38824698,7,0,7,22,29,2,2,1368,80,1451,26,1477,123724,79586,,,,
2020-08-05T17:00:00,ITA,10,Umbria,43.10675841,12.38824698,6,0,6,24,30,1,2,1369,80,1452,27,1479,124855,80145,,,,
2020-08-06T17:00:00,ITA,10,Umbria,43.10675841,12.38824698,8,0,8,21,29,-1,3,1373,80,1455,27,1482,125769,80599,,,,
2020-08-07T17:00:00,ITA,10,Umbria,43.10675841,12.38824698,8,0,8,25,33,4,6,1375,80,1455,33,1488,126654,80959,,,,
2020-08-08T17:00:00,ITA,10,Umbria,43.10675841,12.38824698,8,0,8,34,42,9,10,1376,80,1456,42,1498,127488,81336,,,,
2020-08-09T17:00:00,ITA,10,Umbria,43.10675841,12.38824698,8,0,8,41,49,7,7,1376,80,1457,48,1505,128008,81605,,,,
2020-08-10T17:00:00,ITA,10,Umbria,43.10675841,12.38824698,8,0,8,46,54,5,5,1376,80,1457,53,1510,128298,81825,,,,
2020-08-11T17:00:00,ITA,10,Umbria,43.10675841,12.38824698,9,0,9,43,52,-2,1,1379,80,1458,53,1511,129301,82253,,,,
2020-08-12T17:00:00,ITA,10,Umbria,43.10675841,12.38824698,9,0,9,48,57,5,6,1380,80,1459,58,1517,130245,82645,,,,
2020-08-13T17:00:00,ITA,10,Umbria,43.10675841,12.38824698,10,0,10,52,62,5,7,1382,80,1464,60,1524,131041,83046,,,,
2020-08-14T17:00:00,ITA,10,Umbria,43.10675841,12.38824698,10,0,10,58,68,6,8,1384,80,1467,65,1532,131894,83413,,,,
2020-08-15T17:00:00,ITA,10,Umbria,43.10675841,12.38824698,9,1,10,70,80,12,13,1385,80,1470,75,1545,132814,83936,,,,
2020-08-16T17:00:00,ITA,10,Umbria,43.10675841,12.38824698,10,1,11,72,83,3,3,1385,80,1471,77,1548,133020,84080,,,,
2020-08-17T17:00:00,ITA,10,Umbria,43.10675841,12.38824698,10,1,11,74,85,2,1,1384,80,1471,78,1549,133375,84328,,,,
2020-08-18T17:00:00,ITA,10,Umbria,43.10675841,12.38824698,9,1,10,83,93,8,10,1386,80,1479,80,1559,135130,85191,,,,
2020-08-19T17:00:00,ITA,10,Umbria,43.10675841,12.38824698,9,2,11,84,95,2,4,1388,80,1481,82,1563,136524,85986,,,,
2020-08-20T17:00:00,ITA,10,Umbria,43.10675841,12.38824698,10,1,11,101,112,17,17,1388,80,1488,92,1580,138051,86741,,,,
2020-08-21T17:00:00,ITA,10,Umbria,43.10675841,12.38824698,10,1,11,113,124,12,22,1398,80,1491,111,1602,139407,87468,,,,
2020-08-22T17:00:00,ITA,10,Umbria,43.10675841,12.38824698,12,1,13,129,142,18,18,1398,80,1494,126,1620,140785,88187,,,,
2020-08-23T17:00:00,ITA,10,Umbria,43.10675841,12.38824698,11,1,12,148,160,18,19,1399,80,1499,140,1639,141947,88882,,,,
2020-08-24T17:00:00,ITA,10,Umbria,43.10675841,12.38824698,12,1,13,157,170,10,11,1400,80,1503,147,1650,142579,89426,,,,
2020-08-25T17:00:00,ITA,10,Umbria,43.10675841,12.38824698,12,1,13,182,195,25,29,1404,80,1505,174,1679,144589,90382,,,,
2020-08-26T17:00:00,ITA,10,Umbria,43.10675841,12.38824698,11,1,12,200,212,17,20,1407,80,1512,187,1699,146429,91421,,,,
2020-08-27T17:00:00,ITA,10,Umbria,43.10675841,12.38824698,12,1,13,209,222,10,20,1417,80,1514,205,1719,147895,92218,,,,
2020-08-28T17:00:00,ITA,10,Umbria,43.10675841,12.38824698,12,0,12,217,229,7,22,1432,80,1515,226,1741,149916,93480,,,,
2020-08-29T17:00:00,ITA,10,Umbria,43.10675841,12.38824698,11,1,12,226,238,9,12,1435,80,1516,237,1753,152004,94548,,,,
2020-08-30T17:00:00,ITA,10,Umbria,43.10675841,12.38824698,10,1,11,251,262,24,31,1442,80,1518,266,1784,153666,95419,,,,
2020-08-31T17:00:00,ITA,10,Umbria,43.10675841,12.38824698,10,2,12,256,268,6,9,1445,80,1518,275,1793,154171,95705,,,,
2020-09-01T17:00:00,ITA,10,Umbria,43.10675841,12.38824698,9,2,11,267,278,10,10,1445,80,1518,285,1803,156422,96713,,,,
2020-09-02T17:00:00,ITA,10,Umbria,43.10675841,12.38824698,8,2,10,288,298,20,27,1452,80,1523,307,1830,158956,97623,,,,
2020-09-03T17:00:00,ITA,10,Umbria,43.10675841,12.38824698,10,2,12,290,302,4,9,1457,80,1526,313,1839,160064,98418,,,,
2020-09-04T17:00:00,ITA,10,Umbria,43.10675841,12.38824698,11,3,14,313,327,25,35,1467,80,1529,345,1874,162240,99741,,,,
2020-09-05T17:00:00,ITA,10,Umbria,43.10675841,12.38824698,13,2,15,322,337,10,16,1472,81,1535,355,1890,164208,100626,,,,
2020-09-06T17:00:00,ITA,10,Umbria,43.10675841,12.38824698,13,2,15,341,356,19,25,1478,81,1536,379,1915,165458,101440,,,,
2020-09-07T17:00:00,ITA,10,Umbria,43.10675841,12.38824698,15,2,17,349,366,10,13,1481,81,1537,391,1928,165993,101836,,,,
2020-09-08T17:00:00,ITA,10,Umbria,43.10675841,12.38824698,15,2,17,354,371,5,7,1483,81,1538,397,1935,168329,102837,,,,
2020-09-09T17:00:00,ITA,10,Umbria,43.10675841,12.38824698,17,2,19,354,373,2,33,1514,81,1545,423,1968,170159,103775,,,,
2020-09-10T17:00:00,ITA,10,Umbria,43.10675841,12.38824698,16,3,19,371,390,17,24,1521,81,1549,443,1992,172063,104824,,,,
2020-09-11T17:00:00,ITA,10,Umbria,43.10675841,12.38824698,19,4,23,372,395,5,17,1533,81,1559,450,2009,173381,105483,,,,
2020-09-12T17:00:00,ITA,10,Umbria,43.10675841,12.38824698,18,4,22,397,419,24,33,1542,81,1564,478,2042,174791,106482,,,,
2020-09-13T17:00:00,ITA,10,Umbria,43.10675841,12.38824698,19,4,23,415,438,19,24,1547,81,1568,498,2066,176517,107219,,,,
2020-09-14T17:00:00,ITA,10,Umbria,43.10675841,12.38824698,19,5,24,419,443,5,12,1554,81,1574,504,2078,177109,107533,,,,
2020-09-15T17:00:00,ITA,10,Umbria,43.10675841,12.38824698,23,6,29,430,459,16,22,1560,81,1581,519,2100,179299,108521,,,,
2020-09-16T17:00:00,ITA,10,Umbria,43.10675841,12.38824698,27,5,32,436,468,9,17,1568,81,1583,534,2117,181097,109462,,,,
2020-09-17T17:00:00,ITA,10,Umbria,43.10675841,12.38824698,25,5,30,437,467,-1,22,1590,82,1585,554,2139,182856,110422,,,,
2020-09-18T17:00:00,ITA,10,Umbria,43.10675841,12.38824698,27,5,32,423,455,-12,21,1623,82,1592,568,2160,184540,111396,,,,
2020-09-19T17:00:00,ITA,10,Umbria,43.10675841,12.38824698,27,4,31,440,471,16,32,1638,83,1601,591,2192,186307,112361,,,,
2020-09-20T17:00:00,ITA,10,Umbria,43.10675841,12.38824698,29,4,33,452,485,14,24,1648,83,1607,609,2216,187607,113041,,,,
2020-09-21T17:00:00,ITA,10,Umbria,43.10675841,12.38824698,25,4,29,439,468,-17,5,1669,84,1612,609,2221,188200,113380,,,,
2020-09-22T17:00:00,ITA,10,Umbria,43.10675841,12.38824698,28,4,32,437,469,1,26,1694,84,1616,631,2247,190643,114754,,,,
2020-09-23T17:00:00,ITA,10,Umbria,43.10675841,12.38824698,30,3,33,435,468,-1,19,1713,85,1620,646,2266,192524,115748,,,,
2020-09-24T17:00:00,ITA,10,Umbria,43.10675841,12.38824698,30,3,33,442,475,7,29,1735,85,1629,666,2295,194216,116814,,,,
2020-09-25T17:00:00,ITA,10,Umbria,43.10675841,12.38824698,32,3,35,450,485,10,23,1748,85,1641,677,2318,196077,117862,,,,
2020-09-26T17:00:00,ITA,10,Umbria,43.10675841,12.38824698,34,3,37,463,500,15,35,1768,85,1646,707,2353,198085,118947,,,,
2020-09-27T17:00:00,ITA,10,Umbria,43.10675841,12.38824698,33,3,36,465,501,1,21,1788,85,1651,723,2374,200150,120300,,,,
2020-09-28T17:00:00,ITA,10,Umbria,43.10675841,12.38824698,38,3,41,467,508,7,11,1792,85,1655,730,2385,200751,120628,,,,
2020-09-29T17:00:00,ITA,10,Umbria,43.10675841,12.38824698,39,3,42,478,520,12,23,1803,85,1659,749,2408,203384,121933,,,,
2020-09-30T17:00:00,ITA,10,Umbria,43.10675841,12.38824698,39,3,42,495,537,17,46,1832,85,1668,786,2454,205324,122979,,,,
2020-10-01T17:00:00,ITA,10,Umbria,43.10675841,12.38824698,38,3,41,521,562,25,46,1853,85,1681,819,2500,207255,124094,,,,
2020-10-02T17:00:00,ITA,10,Umbria,43.10675841,12.38824698,39,4,43,567,610,48,62,1867,85,1686,876,2562,209180,125136,,,,
2020-10-03T17:00:00,ITA,10,Umbria,43.10675841,12.38824698,41,5,46,588,634,24,42,1885,85,1696,908,2604,211319,126315,,,,
2020-10-04T17:00:00,ITA,10,Umbria,43.10675841,12.38824698,42,4,46,649,695,61,72,1895,86,1710,966,2676,213445,127485,,,,
2020-10-05T17:00:00,ITA,10,Umbria,43.10675841,12.38824698,42,5,47,659,706,11,19,1903,86,1713,982,2695,213866,127714,,,,
2020-10-06T17:00:00,ITA,10,Umbria,43.10675841,12.38824698,45,5,50,698,748,42,62,1923,86,1727,1030,2757,216488,129274,,,,
2020-10-07T17:00:00,ITA,10,Umbria,43.10675841,12.38824698,44,8,52,756,808,60,65,1928,86,1742,1080,2822,218766,135552,,,,
2020-10-08T17:00:00,ITA,10,Umbria,43.10675841,12.38824698,50,8,58,805,863,55,84,1956,87,1770,1136,2906,221146,131965,,,,
2020-10-09T17:00:00,ITA,10,Umbria,43.10675841,12.38824698,55,8,63,937,1000,137,151,1970,87,1810,1247,3057,223791,133522,,,,
2020-10-10T17:00:00,ITA,10,Umbria,43.10675841,12.38824698,56,8,64,1046,1110,110,132,1991,88,1824,1365,3189,225964,134818,,,,
2020-10-11T17:00:00,ITA,10,Umbria,43.10675841,12.38824698,58,9,67,1169,1236,126,135,2000,88,1834,1490,3324,228743,136523,,,,
2020-10-12T17:00:00,ITA,10,Umbria,43.10675841,12.38824698,61,9,70,1300,1370,134,148,2012,90,1844,1628,3472,233252,138736,,,,
2020-10-13T17:00:00,ITA,10,Umbria,43.10675841,12.38824698,68,11,79,1412,1491,121,136,2027,90,1855,1753,3608,236287,140125,,,,
2020-10-14T17:00:00,ITA,10,Umbria,43.10675841,12.38824698,71,12,83,1540,1623,132,141,2035,91,1863,1886,3749,239714,142109,,,,
2020-10-15T17:00:00,ITA,10,Umbria,43.10675841,12.38824698,74,12,86,1731,1817,194,263,2104,91,1903,2109,4012,243404,144075,,,,
2020-10-16T17:00:00,ITA,10,Umbria,43.10675841,12.38824698,75,15,90,1871,1961,144,198,2158,91,1940,2270,4210,246365,145535,,,,
2020-10-17T17:00:00,ITA,10,Umbria,43.10675841,12.38824698,99,16,115,2015,2130,169,205,2193,92,1985,2430,4415,249890,147587,,,,
2020-10-18T17:00:00,ITA,10,Umbria,43.10675841,12.38824698,115,14,129,2302,2431,301,327,2219,92,2062,2680,4742,253302,149410,,,,
2020-10-19T17:00:00,ITA,10,Umbria,43.10675841,12.38824698,131,15,146,2423,2569,138,167,2247,93,2099,2810,4909,254330,150026,,,,
2020-10-20T17:00:00,ITA,10,Umbria,43.10675841,12.38824698,150,20,170,2505,2675,106,194,2335,93,2133,2970,5103,258701,152168,,,,
2020-10-21T17:00:00,ITA,10,Umbria,43.10675841,12.38824698,152,20,172,2783,2955,280,350,2403,95,2183,3270,5453,262392,154074,,,,
2020-10-22T17:00:00,ITA,10,Umbria,43.10675841,12.38824698,171,22,193,3077,3270,315,407,2493,97,2240,3620,5860,266398,156285,,,,
2020-10-23T17:00:00,ITA,10,Umbria,43.10675841,12.38824698,183,21,204,3426,3630,360,447,2577,100,2287,4020,6307,269993,158186,,,,
2020-10-24T17:00:00,ITA,10,Umbria,43.10675841,12.38824698,203,25,228,3793,4021,391,525,2709,102,2412,4420,6832,273906,160255,,,,
2020-10-25T17:00:00,ITA,10,Umbria,43.10675841,12.38824698,215,29,244,4151,4395,374,463,2795,105,2575,4720,7295,277303,162084,,,,
2020-10-26T17:00:00,ITA,10,Umbria,43.10675841,12.38824698,239,31,270,4313,4583,188,263,2867,108,2638,4920,7558,278289,162797,,,,
2020-10-27T17:00:00,ITA,10,Umbria,43.10675841,12.38824698,248,37,285,4476,4761,178,314,3001,110,2672,5200,7872,281634,164539,,,,
2020-10-28T17:00:00,ITA,10,Umbria,43.10675841,12.38824698,255,37,292,4707,4999,238,401,3160,114,2723,5550,8273,286380,167083,,,,
2020-10-29T17:00:00,ITA,10,Umbria,43.10675841,12.38824698,260,41,301,5270,5571,572,694,3277,119,2917,6050,8967,290964,169837,,,,
2020-10-30T17:00:00,ITA,10,Umbria,43.10675841,12.38824698,260,42,302,5864,6166,595,729,3409,121,2996,6700,9696,294451,171539,,,,
2020-10-31T17:00:00,ITA,10,Umbria,43.10675841,12.38824698,277,43,320,6234,6554,388,483,3499,126,3079,7100,10179,298628,173851,,,,
2020-11-01T17:00:00,ITA,10,Umbria,43.10675841,12.38824698,295,46,341,6869,7210,656,768,3602,135,3247,7700,10947,302117,175572,,,,
2020-11-02T17:00:00,ITA,10,Umbria,43.10675841,12.38824698,308,46,354,6972,7326,116,193,3674,140,3290,7850,11140,302745,175793,,,,
2020-11-03T17:00:00,ITA,10,Umbria,43.10675841,12.38824698,305,48,353,7214,7567,241,420,3845,148,3360,8200,11560,307285,178056,,,,
2020-11-04T17:00:00,ITA,10,Umbria,43.10675841,12.38824698,307,49,356,7480,7836,269,496,4066,154,3506,8550,12056,311270,180154,,,,
2020-11-05T17:00:00,ITA,10,Umbria,43.10675841,12.38824698,319,50,369,8020,8389,553,768,4270,165,3674,9150,12824,316038,182633,,,,
2020-11-06T17:00:00,ITA,10,Umbria,43.10675841,12.38824698,326,53,379,8506,8885,496,767,4532,174,3841,9750,13591,320893,185144,,,,
2020-11-07T17:00:00,ITA,10,Umbria,43.10675841,12.38824698,345,58,403,8967,9370,485,688,4731,178,4029,10250,14279,325727,187400,,,,
2020-11-08T17:00:00,ITA,10,Umbria,43.10675841,12.38824698,353,62,415,9385,9800,430,660,4951,188,4189,10750,14939,329812,189320,,,,
2020-11-09T17:00:00,ITA,10,Umbria,43.10675841,12.38824698,360,64,424,9572,9996,196,314,5060,197,4303,10950,15253,330852,189991,,,,
2020-11-10T17:00:00,ITA,10,Umbria,43.10675841,12.38824698,363,66,429,9711,10140,144,485,5392,206,4484,11254,15738,336098,192401,,,,
2020-11-11T17:00:00,ITA,10,Umbria,43.10675841,12.38824698,359,68,427,9907,10334,194,515,5701,218,4597,11656,16253,340853,194467,,,,
2020-11-12T17:00:00,ITA,10,Umbria,43.10675841,12.38824698,354,69,423,10361,10784,450,783,6026,226,4809,12227,17036,346677,197139,,,,
2020-11-13T17:00:00,ITA,10,Umbria,43.10675841,12.38824698,359,68,427,9963,10390,-394,604,7016,234,4953,12687,17640,351691,199394,,,,
2020-11-14T17:00:00,ITA,10,Umbria,43.10675841,12.38824698,361,68,429,10347,10776,386,579,7201,242,5077,13142,18219,356390,201299,,,,
2020-11-15T17:00:00,ITA,10,Umbria,43.10675841,12.38824698,366,71,437,10658,11095,319,657,7528,253,5315,13561,18876,360719,203439,"Si fa presente come nel computo dei ricoverati in T.I. è considerato un caso trasferito da altra Regione, non considerato quindi dalla Regione Umbria come nuovo positivo. Di conseguenza il reale numero degli isolamenti dom. è 10659.  ",,,
2020-11-16T17:00:00,ITA,10,Umbria,43.10675841,12.38824698,375,72,447,10792,11239,144,283,7658,262,5348,13811,19159,361474,203887,"si segnala che avendo n.2 ricoverati provenienti da fuori regione (dove hanno fatto  il tampone) e quindi non conteggiati nel computo dei nuovi ricoveri, l'isolamento domicialre è di 10794",,,
2020-11-17T17:00:00,ITA,10,Umbria,43.10675841,12.38824698,368,70,438,10806,11244,5,351,7991,275,5465,14045,19510,367077,206060,"Si fa presente come nel computo dei ricoverati (1 in TI e 1 non in TI) sono considerati due casi trasferiti da altra Regione, non considerati quindi dalla Regione Umbria come nuovi positivi. Di conseguenza il reale numero degli isolamenti dom. è 10808. Si contatta come suggerito la referente della Regione Abruzzo (Dr.ssa Antonia Petricci), che conferma che i suddetti assistiti sono già stati censiti e comunicati dalla regione Abruzzo, prima del loro trasferimento. - NOTA DEL MINISTERO DELLA SALUTE: d'accordo con regione Umbria, la nota non verrà inserita perchè i casi sono stati già inseriti dalla regione Abruzzo e quindi non vanno conteggiati in Umbria ",,,
2020-11-18T17:00:00,ITA,10,Umbria,43.10675841,12.38824698,368,74,442,10832,11274,30,501,8451,286,5646,14365,20011,371777,208149,,,,
2020-11-19T17:00:00,ITA,10,Umbria,43.10675841,12.38824698,369,75,444,10941,11385,111,556,8889,293,5727,14840,20567,377286,210121,,,,
2020-11-20T17:00:00,ITA,10,Umbria,43.10675841,12.38824698,363,71,434,10934,11368,-17,394,9279,314,5879,15082,20961,380989,211832,,,,
2020-11-21T17:00:00,ITA,10,Umbria,43.10675841,12.38824698,370,75,445,10978,11423,55,408,9623,323,5995,15374,21369,385737,213635,,,,
2020-11-22T17:00:00,ITA,10,Umbria,43.10675841,12.38824698,368,75,443,11129,11572,149,400,9864,333,6133,15636,21769,390378,215754,,,,
2020-11-23T17:00:00,ITA,10,Umbria,43.10675841,12.38824698,371,78,449,10034,10483,-1089,105,11054,337,6158,15716,21874,390826,215945,,,,
2020-11-24T17:00:00,ITA,10,Umbria,43.10675841,12.38824698,368,72,440,9757,10197,-286,218,11548,347,6227,15865,22092,395479,217537,,,,
2020-11-25T17:00:00,ITA,10,Umbria,43.10675841,12.38824698,361,70,431,9506,9937,-260,386,12186,355,6314,16164,22478,399810,219242,,,,
2020-11-26T17:00:00,ITA,10,Umbria,43.10675841,12.38824698,349,68,417,9017,9434,-503,343,13018,369,6394,16427,22821,404601,220882,,,,
2020-11-27T17:00:00,ITA,10,Umbria,43.10675841,12.38824698,353,62,415,8635,9050,-384,261,13649,383,6463,16619,23082,408556,222157,,,,
2020-11-28T17:00:00,ITA,10,Umbria,43.10675841,12.38824698,351,64,415,8238,8653,-397,348,14388,389,6545,16885,23430,412818,223404,,,,
2020-11-29T17:00:00,ITA,10,Umbria,43.10675841,12.38824698,355,65,420,8023,8443,-210,310,14903,394,6595,17145,23740,416050,224573,,,,
2020-11-30T17:00:00,ITA,10,Umbria,43.10675841,12.38824698,366,65,431,7804,8235,-208,68,15166,407,6620,17188,23808,416530,224790,"Si fa presente come dei 13 decessi odierni, 6 fanno riferimento a date precedenti rispetto a ieri",,,
2020-12-01T17:00:00,ITA,10,Umbria,43.10675841,12.38824698,361,64,425,7255,7680,-555,144,15857,415,6657,17295,23952,420906,226025,,,,
2020-12-02T17:00:00,ITA,10,Umbria,43.10675841,12.38824698,342,62,404,6679,7083,-597,278,16722,425,6744,17486,24230,424921,227246,,,,
2020-12-03T17:00:00,ITA,10,Umbria,43.10675841,12.38824698,344,54,398,6364,6762,-321,286,17314,440,0,0,24516,428429,228438,,2,,
2020-12-04T17:00:00,ITA,10,Umbria,43.10675841,12.38824698,327,57,384,6039,6423,-339,168,17817,444,,,24684,431783,229396,,4,,
2020-12-05T17:00:00,ITA,10,Umbria,43.10675841,12.38824698,330,61,391,5758,6149,-274,226,18310,451,,,24910,435623,230476,,8,,
2020-12-06T17:00:00,ITA,10,Umbria,43.10675841,12.38824698,332,60,392,5673,6065,-84,234,18619,460,,,25144,438511,231538,,3,,
2020-12-07T17:00:00,ITA,10,Umbria,43.10675841,12.38824698,338,56,394,5596,5990,-75,65,18751,468,,,25209,438888,231708,,2,,
2020-12-08T17:00:00,ITA,10,Umbria,43.10675841,12.38824698,318,57,375,5371,5746,-244,135,19121,477,,,25344,442893,232973,,4,,
2020-12-09T17:00:00,ITA,10,Umbria,43.10675841,12.38824698,323,56,379,5277,5656,-90,89,19291,486,,,25433,443349,233112,,2,,
2020-12-10T17:00:00,ITA,10,Umbria,43.10675841,12.38824698,310,55,365,5014,5379,-277,182,19738,498,,,25615,447196,234249,,5,,
2020-12-11T17:00:00,ITA,10,Umbria,43.10675841,12.38824698,314,54,368,4721,5089,-290,219,20238,507,,,25834,450723,235294,,7,,
2020-12-12T17:00:00,ITA,10,Umbria,43.10675841,12.38824698,301,49,350,4534,4884,-205,211,20644,517,,,26045,453903,236236,,0,,
2020-12-13T17:00:00,ITA,10,Umbria,43.10675841,12.38824698,294,45,339,4469,4808,-76,145,20856,526,,,26190,456106,236951,,1,,
2020-12-14T17:00:00,ITA,10,Umbria,43.10675841,12.38824698,306,41,347,4388,4735,-73,49,20973,531,,,26239,456414,237082,,1,,
2020-12-15T17:00:00,ITA,10,Umbria,43.10675841,12.38824698,288,46,334,4226,4560,-175,179,21323,535,,,26418,460748,238473,,7,,
2020-12-16T17:00:00,ITA,10,Umbria,43.10675841,12.38824698,270,47,317,4006,4323,-237,169,21723,541,,,26587,463909,239527,,4,,
2020-12-17T17:00:00,ITA,10,Umbria,43.10675841,12.38824698,270,42,312,3698,4010,-313,180,22208,549,,,26767,467015,240515,,2,,
2020-12-18T17:00:00,ITA,10,Umbria,43.10675841,12.38824698,265,43,308,3637,3945,-65,142,22411,553,,,26909,469887,241362,,3,,
2020-12-19T17:00:00,ITA,10,Umbria,43.10675841,12.38824698,261,41,302,3663,3965,20,219,22604,559,,,27128,475045,243196,,4,,
2020-12-20T17:00:00,ITA,10,Umbria,43.10675841,12.38824698,251,44,295,3588,3883,-82,113,22791,567,,,27241,477213,244023,,5,,
2020-12-21T17:00:00,ITA,10,Umbria,43.10675841,12.38824698,258,41,299,3554,3853,-30,41,22855,574,,,27282,477564,244063,,1,,
2020-12-22T17:00:00,ITA,10,Umbria,43.10675841,12.38824698,244,44,288,3441,3729,-124,114,23089,578,,,27396,481344,245205,,5,,
2020-12-23T17:00:00,ITA,10,Umbria,43.10675841,12.38824698,239,40,279,3269,3548,-181,157,23421,584,,,27553,484909,246207,,1,,
2020-12-24T17:00:00,ITA,10,Umbria,43.10675841,12.38824698,238,38,276,3245,3521,-27,192,23633,591,,,27745,488681,247406,,4,,
2020-12-25T17:00:00,ITA,10,Umbria,43.10675841,12.38824698,240,36,276,3270,3546,25,232,23834,597,,,27977,490891,248275,,3,,
2020-12-26T17:00:00,ITA,10,Umbria,43.10675841,12.38824698,248,34,282,3267,3549,3,51,23878,601,,,28028,491673,248707,,2,,
2020-12-27T17:00:00,ITA,10,Umbria,43.10675841,12.38824698,260,36,296,3257,3553,4,36,23907,604,,,28064,492558,249041,,5,,
2020-12-28T17:00:00,ITA,10,Umbria,43.10675841,12.38824698,268,34,302,3256,3558,5,88,23984,610,,,28152,493224,249326,,1,,
2020-12-29T17:00:00,ITA,10,Umbria,43.10675841,12.38824698,263,38,301,3267,3568,10,161,24132,613,,,28313,496881,250303,,8,,
2020-12-30T17:00:00,ITA,10,Umbria,43.10675841,12.38824698,256,44,300,3406,3706,138,347,24336,618,,,28660,500003,251329,,8,,
2020-12-31T17:00:00,ITA,10,Umbria,43.10675841,12.38824698,259,44,303,3474,3777,71,300,24559,624,,,28960,503641,252395,,3,,
2021-01-01T17:00:00,ITA,10,Umbria,43.10675841,12.38824698,254,46,300,3504,3804,27,228,24759,625,,,29188,506256,253369,,3,,
2021-01-02T17:00:00,ITA,10,Umbria,43.10675841,12.38824698,270,47,317,3476,3793,-11,50,24817,628,,,29238,506539,253466,,1,,
2021-01-03T17:00:00,ITA,10,Umbria,43.10675841,12.38824698,268,48,316,3588,3904,111,202,24905,631,,,29440,509101,254304,,3,,
2021-01-04T17:00:00,ITA,10,Umbria,43.10675841,12.38824698,274,44,318,3560,3878,-26,54,24980,636,,,29494,509643,254520,,2,,
2021-01-05T17:00:00,ITA,10,Umbria,43.10675841,12.38824698,275,43,318,3615,3933,55,234,25155,640,,,29728,513892,255640,,4,,
2021-01-06T17:00:00,ITA,10,Umbria,43.10675841,12.38824698,277,45,322,3752,4074,141,347,25358,643,,,30075,518260,257069,,5,,
2021-01-07T17:00:00,ITA,10,Umbria,43.10675841,12.38824698,277,44,321,3740,4061,-13,64,25432,646,,,30139,518690,257216,,1,,
2021-01-08T17:00:00,ITA,10,Umbria,43.10675841,12.38824698,280,43,323,3785,4108,47,215,25598,648,,,30354,522585,258421,,1,,
2021-01-09T17:00:00,ITA,10,Umbria,43.10675841,12.38824698,279,47,326,3911,4237,129,295,25760,652,,,30649,526153,259676,,6,,
2021-01-10T17:00:00,ITA,10,Umbria,43.10675841,12.38824698,265,50,315,3989,4304,67,257,25942,660,,,30906,528657,260437,,7,,
2021-01-11T17:00:00,ITA,10,Umbria,43.10675841,12.38824698,272,51,323,3949,4272,-32,49,26019,664,,,30955,529153,260622,,3,,
2021-01-12T17:00:00,ITA,10,Umbria,43.10675841,12.38824698,268,56,324,4024,4348,76,205,26140,672,,,31160,533099,261945,,8,,
2021-01-13T17:00:00,ITA,10,Umbria,43.10675841,12.38824698,275,50,325,4145,4470,122,307,26321,676,,,31467,536852,263178,,0,,
2021-01-14T17:00:00,ITA,10,Umbria,43.10675841,12.38824698,277,51,328,4161,4489,19,210,26510,678,,,31677,539805,264287,"Si fa presente come uno dei ricoveri in terapia intensiva è un soggetto positivo comunicato dalla regione Lazio, quindi non rientra tra i nuovi positivi della Regione Umbria. A tal riguardo il corretto numero di isolati presso la nostra Regione è di 4162. ",3,,
2021-01-15T17:00:00,ITA,10,Umbria,43.10675841,12.38824698,278,50,328,4161,4489,0,232,26738,682,,,31909,543318,265261,"Si fa presente come uno dei ricoveri in terapia intensiva è un soggetto positivo comunicato dalla regione Lazio, quindi non rientra tra i nuovi positivi della Regione Umbria. A tal riguardo il corretto numero di isolati presso la nostra Regione è di 4162. ",3,,,31909,0,542853,465,ITI,ITI2
2021-01-16T17:00:00,ITA,10,Umbria,43.10675841,12.38824698,278,49,327,4276,4603,114,241,26858,689,,,32150,547494,266388,"Si fa presente come uno dei ricoveri in terapia intensiva è un soggetto positivo comunicato dalla regione Lazio, quindi non rientra tra i nuovi positivi della Regione Umbria. A tal riguardo il corretto numero di isolati presso la nostra Regione è di 4277.",3,,,32150,0,546043,1451,ITI,ITI2
2021-01-17T17:00:00,ITA,10,Umbria,43.10675841,12.38824698,280,49,329,4277,4606,3,153,27004,693,,,32303,550730,267377,"Si fa presente come uno dei ricoveri in terapia intensiva è un soggetto positivo comunicato dalla regione Lazio, quindi non rientra tra i nuovi positivi della Regione Umbria. A tal riguardo il corretto numero di isolati presso la nostra Regione è di 4278.",1,,,32303,0,548822,1908,ITI,ITI2
2021-01-18T17:00:00,ITA,10,Umbria,43.10675841,12.38824698,284,49,333,4247,4580,-26,94,27116,701,,,32397,551381,267595,"Si fa presente come due dei ricoveri, di cui uno in terapia intensiva, sono soggetti positivi con tampone c/o Regione Lazio, quindi non rientranti tra i nuovi positivi della Regione Umbria. A tal riguardo il corretto numero di isolati presso la nostra Regione è di 4249. ",4,,,32397,0,549289,2092,ITI,ITI2
2021-01-19T17:00:00,ITA,10,Umbria,43.10675841,12.38824698,292,47,339,4297,4636,56,225,27280,706,,,32622,556351,268826,"Si fa presente come due dei ricoveri, di cui uno in terapia intensiva, sono soggetti positivi con tampone c/o Regione Lazio, quindi non rientranti tra i nuovi positivi della Regione Umbria. A tal riguardo il corretto numero di isolati presso la nostra Regione è di 4299.",2,,,32622,0,553378,2973,ITI,ITI2
2021-01-20T17:00:00,ITA,10,Umbria,43.10675841,12.38824698,283,46,329,4276,4605,-31,277,27580,714,,,32899,560860,270098,"Si fa presente come due dei ricoveri, di cui uno in terapia intensiva, sono soggetti positivi con tampone c/o Regione Lazio, quindi non rientranti tra i nuovi positivi della Regione Umbria. A tal riguardo il corretto numero di isolati presso la nostra Regione è di 4278.",2,,,32899,0,556954,3906,ITI,ITI2
2021-01-21T17:00:00,ITA,10,Umbria,43.10675841,12.38824698,286,46,332,4389,4721,116,286,27741,723,,,33185,565609,271405,"Si fa presente come tre dei ricoveri, di cui uno in terapia intensiva, sono soggetti positivi con tampone c/o Regione Lazio, quindi non rientranti tra i nuovi positivi della Regione Umbria. A tal riguardo il corretto numero di isolati presso la nostra Regione è di 4392.",4,,,33185,0,560286,5323,ITI,ITI2
2021-01-22T17:00:00,ITA,10,Umbria,43.10675841,12.38824698,283,44,327,4553,4880,159,305,27884,726,,,33490,572082,272550,"Si fa presente come tre dei ricoveri, di cui uno in terapia intensiva, sono soggetti positivi con tampone c/o Regione Lazio, quindi non rientranti tra i nuovi positivi della Regione Umbria. A tal riguardo il corretto numero di isolati presso la nostra Regione è di 4556.",4,,,33490,0,563514,8568,ITI,ITI2
2021-01-23T17:00:00,ITA,10,Umbria,43.10675841,12.38824698,292,46,338,4691,5029,149,332,28061,732,,,33822,578498,273719,,5,,,33822,0,567260,11238,ITI,ITI2
2021-01-24T17:00:00,ITA,10,Umbria,43.10675841,12.38824698,291,47,338,4774,5112,83,247,28217,740,,,34069,585272,274887,"Si fa presente come tre dei ricoveri, di cui uno in terapia intensiva, sono soggetti positivi con tampone c/o Regione Lazio, quindi non rientranti tra i nuovi positivi della Regione Umbria. A tal riguardo il corretto numero di isolati presso la nostra Regione è di 4777",5,,,34069,0,570682,14590,ITI,ITI2
2021-01-25T17:00:00,ITA,10,Umbria,43.10675841,12.38824698,300,47,347,4685,5032,-80,66,28357,746,,,34135,586990,275060,"Si fa presente come due dei ricoveri, di cui uno in terapia intensiva, sono soggetti positivi con tampone c/o Regione Lazio, quindi non rientranti tra i nuovi positivi della Regione Umbria. A tal riguardo il corretto numero di isolati presso la nostra Regione è di 4687",3,,,34135,0,571155,15835,ITI,ITI2
2021-01-26T17:00:00,ITA,10,Umbria,43.10675841,12.38824698,334,50,384,4785,5169,137,275,28490,751,,,34410,594911,276525,"Si fa presente come due dei ricoveri, di cui uno in terapia intensiva, sono soggetti positivi con tampone c/o Regione Lazio, quindi non rientranti tra i nuovi positivi della Regione Umbria. A tal riguardo il corretto numero di isolati presso la nostra Regione è di 4787",6,,,34410,0,575822,19089,ITI,ITI2
2021-01-27T17:00:00,ITA,10,Umbria,43.10675841,12.38824698,334,50,384,4745,5129,-40,415,28940,756,,,34825,602935,278327,"Si fa presente come un ricovero (in terapia intensiva), è un  soggetto positivo con tampone c/o Regione Lazio, quindi non rientrante tra i nuovi positivi della Regione Umbria. A tal riguardo il corretto numero di isolati presso la nostra Regione è di 4746. Comunichiamo altresì che dei 334 ricoveri non in T.I., 26 sono in reparto riabilitativo e ulteriori 12 in lungo degenza.",3,,,34825,0,580352,22583,ITI,ITI2
2021-01-28T17:00:00,ITA,10,Umbria,43.10675841,12.38824698,338,54,392,4911,5303,174,369,29131,760,,,35194,609165,279578,"Si fa presente come un ricovero (in terapia intensiva), è un  soggetto positivo con tampone c/o Regione Lazio, quindi non rientrante tra i nuovi positivi della Regione Umbria. A tal riguardo il corretto numero di isolati presso la nostra Regione è di 4912 ",4,,,35194,0,583655,25510,ITI,ITI2
2021-01-29T17:00:00,ITA,10,Umbria,43.10675841,12.38824698,349,53,402,5075,5477,174,335,29285,767,,,35529,616083,280987,"Si fa presente come un ricovero (in terapia intensiva), è un  soggetto positivo con tampone c/o Regione Lazio, quindi non rientrante tra i nuovi positivi della Regione Umbria. A tal riguardo il corretto numero di isolati presso la nostra Regione è di 5076",4,,,35529,0,587593,28490,ITI,ITI2
2021-01-30T17:00:00,ITA,10,Umbria,43.10675841,12.38824698,346,55,401,5110,5511,34,228,29474,772,,,35757,623158,282438,"Si fa presente come un ricovero (in terapia intensiva), è un  soggetto positivo con tampone c/o Regione Lazio, quindi non rientrante tra i nuovi positivi della Regione Umbria. A tal riguardo il corretto numero di isolati presso la nostra Regione è di 5111",6,,,35757,0,591529,31629,ITI,ITI2
2021-01-31T17:00:00,ITA,10,Umbria,43.10675841,12.38824698,361,54,415,5214,5629,118,294,29641,781,,,36051,629140,283677,"Si fa presente come un ricovero (in terapia intensiva), è un  soggetto positivo con tampone c/o Regione Lazio, quindi non rientrante tra i nuovi positivi della Regione Umbria. A tal riguardo il corretto numero di isolati presso la nostra Regione è di 5215. Inoltre si fa presente come 43 dei ricoveri NON UTI sono post-acuti (quindi reparti riabilitativi e Lungo-degenza). ",2,,,36051,0,595305,33835,ITI,ITI2
2021-02-01T17:00:00,ITA,10,Umbria,43.10675841,12.38824698,363,58,421,5222,5643,14,143,29762,789,,,36194,630341,283870,"Si fa presente come un ricovero (in terapia intensiva), è un  soggetto positivo con tampone c/o Regione Lazio, quindi non rientrante tra i nuovi positivi della Regione Umbria. A tal riguardo il corretto numero di isolati presso la nostra Regione è di 5223. Inoltre si fa presente come 43 dei ricoveri NON UTI sono post-acuti (quindi reparti riabilitativi e Lungo-degenza). ",6,,,36194,0,595877,34464,ITI,ITI2
2021-02-02T17:00:00,ITA,10,Umbria,43.10675841,12.38824698,369,61,430,5342,5772,129,283,29904,801,,,36477,638694,285288,"Si fa presente come un ricovero (in terapia intensiva), è un  soggetto positivo con tampone c/o Regione Lazio, quindi non rientrante tra i nuovi positivi della Regione Umbria. A tal riguardo il corretto numero di isolati presso la nostra Regione è di 5343. Inoltre si fa presente come  dei 45 ricoveri NON UTI sono post-acuti (quindi reparti riabilitativi e Lungo-degenza). ",9,,,36477,0,600641,38053,ITI,ITI2
2021-02-03T17:00:00,ITA,10,Umbria,43.10675841,12.38824698,367,64,431,5568,5999,227,458,30126,810,,,36935,646717,286806,"Si fa presente come un ricovero (in terapia intensiva), è un  soggetto positivo con tampone c/o Regione Lazio, quindi non rientrante tra i nuovi positivi della Regione Umbria. A tal riguardo il corretto numero di isolati presso la nostra Regione è di 5569. Inoltre si fa presente come 44 dei ricoveri NON UTI sono post-acuti COD. n.56 e COD n.60 (quindi reparti riabilitativi e Lungo-degenza). ",6,,,36935,0,604971,41746,ITI,ITI2
2021-02-04T17:00:00,ITA,10,Umbria,43.10675841,12.38824698,372,66,438,5753,6191,192,373,30304,813,,,37308,654241,288222,"Si fa presente che 43 dei ricoveri NON UTI, sono post-acuti COD. n.56 e COD n.60 (quindi reparti riabilitativi e lungo-degenza). ",4,,,37308,0,608663,45578,ITI,ITI2
2021-02-05T17:00:00,ITA,10,Umbria,43.10675841,12.38824698,377,66,443,5955,6398,207,443,30530,823,,,37751,662890,289717,"Si fa presente che 43 dei ricoveri NON UTI, sono post-acuti COD. n.56 e COD n.60 (quindi reparti riabilitativi e lungo-degenza). ",4,,,37751,0,612551,50339,ITI,ITI2
2021-02-06T17:00:00,ITA,10,Umbria,43.10675841,12.38824698,388,70,458,6124,6582,184,351,30689,831,,,38102,671839,291099,"Si fa presente che 38 dei ricoveri NON UTI, sono post-acuti COD. n.56 e COD n.60 (quindi reparti riabilitativi e lungo-degenza). ",6,,,38102,0,616821,55018,ITI,ITI2
2021-02-07T17:00:00,ITA,10,Umbria,43.10675841,12.38824698,411,73,484,6300,6784,202,382,30866,834,,,38484,679753,292454,"Si fa presente che 38 dei ricoveri NON UTI, sono post-acuti COD. n.56 e COD n.60 (quindi reparti riabilitativi e lungo-degenza). ",5,,,38484,0,620732,59021,ITI,ITI2
2021-02-08T17:00:00,ITA,10,Umbria,43.10675841,12.38824698,423,77,500,6402,6902,118,190,30932,840,,,38674,681597,292665,"Si fa presente che 38 dei ricoveri NON UTI, sono post-acuti COD. n.56 e COD n.60 (quindi reparti riabilitativi e lungo-degenza). ",6,,,38674,0,621186,60411,ITI,ITI2
2021-02-09T17:00:00,ITA,10,Umbria,43.10675841,12.38824698,434,79,513,6660,7173,271,375,31025,851,,,39049,691112,294399,"Si fa presente che 37 dei ricoveri NON UTI, sono post-acuti COD. n.56 e COD n.60 (quindi reparti riabilitativi e lungo-degenza). ",9,,,39049,0,626233,64879,ITI,ITI2
2021-02-10T17:00:00,ITA,10,Umbria,43.10675841,12.38824698,426,80,506,6891,7397,224,415,31204,863,,,39464,700176,296052,"Si fa presente che 37 dei ricoveri NON UTI, sono post-acuti COD. n.56 e COD n.60 (quindi reparti riabilitativi e lungo-degenza). ",10,,,39464,0,630932,69244,ITI,ITI2
2021-02-11T17:00:00,ITA,10,Umbria,43.10675841,12.38824698,440,80,520,7033,7553,156,363,31402,872,,,39827,708800,297629,"Si fa presente che 39 dei ricoveri NON UTI, sono post-acuti COD. n.56 e COD n.60 (quindi reparti riabilitativi e lungo-degenza). Si precisa inoltre che sono stati recuperati nel conteggio dei tamponi processati con test antigenico 7 tamponi. ",9,,,39827,0,635634,73166,ITI,ITI2
2021-02-12T17:00:00,ITA,10,Umbria,43.10675841,12.38824698,439,84,523,7355,7878,325,494,31559,884,,,40321,716693,299125,"Si fa presente che 27 dei ricoveri NON UTI, sono post-acuti COD. n.56 e COD n.60 (quindi reparti riabilitativi e lungo-degenza).",7,,,40321,0,639681,77012,ITI,ITI2
2021-02-13T17:00:00,ITA,10,Umbria,43.10675841,12.38824698,448,83,531,7551,8082,204,346,31691,894,,,40667,725122,300464,"Si fa presente che 26 dei ricoveri NON UTI, sono post-acuti COD. n.56 e COD n.60 (quindi reparti riabilitativi e lungo-degenza).",3,,,40667,0,644288,80834,ITI,ITI2
2021-02-14T17:00:00,ITA,10,Umbria,43.10675841,12.38824698,451,84,535,7631,8166,84,292,31889,904,,,40959,731666,301617,"Si fa presente che 25 dei ricoveri NON UTI, sono post-acuti COD. n.56 e COD n.60 (quindi reparti riabilitativi e lungo-degenza).",6,,,40959,0,647762,83904,ITI,ITI2
2021-02-15T17:00:00,ITA,10,Umbria,43.10675841,12.38824698,464,84,548,7604,8152,-14,109,32005,911,,,41068,732898,301786,"Si fa presente che 24 dei ricoveri NON UTI, sono post-acuti COD. n.56 e COD n.60 (quindi reparti riabilitativi e lungo-degenza).",8,,,41068,0,648493,84405,ITI,ITI2
2021-02-16T17:00:00,ITA,10,Umbria,43.10675841,12.38824698,463,84,547,7738,8285,133,233,32094,922,,,41301,741016,302914,"Si fa presente che 22 dei ricoveri NON UTI, sono post-acuti COD. n.56 e COD n.60 (quindi reparti riabilitativi e lungo-degenza).",4,,,41301,0,652931,88085,ITI,ITI2
2021-02-17T17:00:00,ITA,10,Umbria,43.10675841,12.38824698,471,83,554,7877,8431,146,438,32375,933,,,41739,749120,304193,"Si fa presente che 21 dei ricoveri NON UTI, sono post-acuti COD. n.56 e COD n.60 (quindi reparti riabilitativi e lungo-degenza).",5,,,41739,0,657404,91716,ITI,ITI2
2021-02-18T17:00:00,ITA,10,Umbria,43.10675841,12.38824698,469,85,554,7864,8418,-13,319,32692,948,,,42058,756403,305182,"Si fa presente che 20 dei ricoveri NON UTI, sono post-acuti COD. n.56 e COD n.60 (quindi reparti riabilitativi e lungo-degenza).",10,,,42058,0,661246,95157,ITI,ITI2
2021-02-19T17:00:00,ITA,10,Umbria,43.10675841,12.38824698,462,83,545,7894,8439,21,301,32961,959,,,42359,763845,306231,,7,,,42359,0,665142,98703,ITI,ITI2
2021-02-20T17:00:00,ITA,10,Umbria,43.10675841,12.38824698,459,86,545,7975,8520,81,363,33230,972,,,42722,768574,307175,"Si fa presente che 16 dei ricoveri NON UTI, sono post-acuti COD. n.56 e COD n.60 (quindi reparti riabilitativi e lungo-degenza).",9,,,42722,0,668448,100126,ITI,ITI2
2021-02-21T17:00:00,ITA,10,Umbria,43.10675841,12.38824698,468,83,551,7997,8548,28,270,33461,983,,,42992,774186,308224,"Si fa presente che 16 dei ricoveri NON UTI, sono post-acuti COD. n.56 e COD n.60 (quindi reparti riabilitativi e lungo-degenza).",2,,,42992,0,671816,102370,ITI,ITI2
2021-02-22T17:00:00,ITA,10,Umbria,43.10675841,12.38824698,475,81,556,7918,8474,-74,97,33622,993,,,43089,775431,308361,"Si fa presente che 16 dei ricoveri NON UTI, sono post-acuti COD. n.56 e COD n.60 (quindi reparti riabilitativi e lungo-degenza).",5,,,43089,0,672449,102982,ITI,ITI2
2021-02-23T17:00:00,ITA,10,Umbria,43.10675841,12.38824698,473,79,552,7957,8509,35,262,33839,1003,,,43351,782676,309492,"Si fa presente che 10 dei ricoveri NON UTI, sono post-acuti COD. n.56 e COD n.60 (quindi reparti riabilitativi e lungo-degenza).",5,,,43351,0,676859,105817,ITI,ITI2
2021-02-24T17:00:00,ITA,10,Umbria,43.10675841,12.38824698,460,80,540,7877,8417,-92,292,34212,1014,,,43643,789962,310556,"Si fa presente che 10 dei ricoveri NON UTI, sono post-acuti COD. n.56 e COD n.60 (quindi reparti riabilitativi e lungo-degenza).",4,,,43643,0,681060,108902,ITI,ITI2
2021-02-25T17:00:00,ITA,10,Umbria,43.10675841,12.38824698,448,77,525,7797,8322,-95,267,34565,1023,,,43910,796251,311511,"Si fa presente che 18 dei ricoveri NON UTI, non rientrano nei codici disciplina COVID e pertanto vengono collocati in ""Altra Struttura"". ",5,,,43910,0,684692,111559,ITI,ITI2
2021-02-26T17:00:00,ITA,10,Umbria,43.10675841,12.38824698,441,78,519,7809,8328,6,331,34883,1030,,,44241,802418,312553,"Si fa presente che 16 dei ricoveri NON UTI, non rientrano nei codici disciplina COVID e pertanto vengono collocati in ""Altra Struttura"". ",7,,,44241,0,688407,114011,ITI,ITI2
2021-02-27T17:00:00,ITA,10,Umbria,43.10675841,12.38824698,421,78,499,7716,8215,-113,230,35219,1037,,,44471,808622,313463,"Si fa presente che 10 dei ricoveri NON UTI, non rientrano nei codici disciplina COVID e pertanto vengono collocati in ""Altra Struttura"". ",4,,,44471,0,692076,116546,ITI,ITI2
2021-02-28T17:00:00,ITA,10,Umbria,43.10675841,12.38824698,436,77,513,7628,8141,-74,212,35492,1050,,,44683,813081,313787,"Si fa presente che 9 dei ricoveri NON UTI, non rientrano nei codici disciplina COVID e pertanto vengono collocati in ""Altra Struttura"". ",6,,,44683,0,694306,118775,ITI,ITI2
2021-03-01T17:00:00,ITA,10,Umbria,43.10675841,12.38824698,445,79,524,7474,7998,-143,79,35708,1056,,,44762,814378,313923,"Si fa presente che 10 dei ricoveri NON UTI, non rientrano nei codici disciplina COVID e pertanto vengono collocati in ""Altra Struttura"". ",5,,,44762,0,695170,119208,ITI,ITI2
2021-03-02T17:00:00,ITA,10,Umbria,43.10675841,12.38824698,446,78,524,7575,8099,101,289,35890,1062,,,45051,820894,314564,"Si fa presente che 11 dei ricoveri NON UTI, non rientrano nei codici disciplina COVID e pertanto vengono collocati in ""Altra Struttura"". ",5,,,45051,0,698907,121987,ITI,ITI2
2021-03-03T17:00:00,ITA,10,Umbria,43.10675841,12.38824698,431,83,514,7424,7938,-161,301,36347,1067,,,45352,828523,315735,"Si fa presente che 12 dei ricoveri NON UTI, non rientrano nei codici disciplina COVID e pertanto vengono collocati in ""Altra Struttura"". ",9,,,45352,0,703154,125369,ITI,ITI2
2021-03-04T17:00:00,ITA,10,Umbria,43.10675841,12.38824698,436,82,518,7219,7737,-201,267,36807,1075,,,45619,835386,316639,"Si fa presente che 12 dei ricoveri NON UTI, non rientrano nei codici disciplina COVID e pertanto vengono collocati in ""Altra Struttura"". ",5,,,45619,0,706761,128625,ITI,ITI2
2021-03-05T17:00:00,ITA,10,Umbria,43.10675841,12.38824698,431,86,517,7086,7603,-134,295,37229,1082,,,45914,841887,317553,"Si fa presente che 9 dei ricoveri NON UTI, non rientrano nei codici disciplina COVID e pertanto vengono collocati in ""Altra Struttura"". ",8,,,45914,0,710499,131388,ITI,ITI2
2021-03-06T17:00:00,ITA,10,Umbria,43.10675841,12.38824698,426,82,508,6917,7425,-178,283,37677,1095,,,46197,848593,318574,"Si fa presente che 9 dei ricoveri NON UTI, non rientrano nei codici disciplina COVID e pertanto vengono collocati in ""Altra Struttura"". ",6,,,46197,0,714332,134261,ITI,ITI2
2021-03-07T17:00:00,ITA,10,Umbria,43.10675841,12.38824698,423,80,503,6776,7279,-146,242,38060,1100,,,46439,853994,319449,"Si fa presente che 11 dei ricoveri NON UTI, non rientrano nei codici disciplina COVID e pertanto vengono collocati in ""Altra Struttura"". ",6,,,46439,0,717553,136441,ITI,ITI2
2021-03-08T17:00:00,ITA,10,Umbria,43.10675841,12.38824698,432,84,516,6439,6955,-324,42,38416,1110,,,46481,854802,319574,"Si fa presente che 10 dei ricoveri NON UTI, non rientrano nei codici disciplina COVID e pertanto vengono collocati in ""Altra Struttura"". ",9,,,46481,0,718078,136724,ITI,ITI2
2021-03-09T17:00:00,ITA,10,Umbria,43.10675841,12.38824698,431,79,510,6360,6870,-85,232,38726,1117,,,46713,863325,320767,"Si fa presente che 12 dei ricoveri NON UTI, non rientrano nei codici disciplina COVID e pertanto vengono collocati in ""Altra Struttura"". ",3,,,46713,0,722840,140485,ITI,ITI2
2021-03-09T17:00:00,ITA,10,Umbria,43.10675841,12.38824698,431,79,510,6360,6870,-85,232,38726,1117,,,46713,863325,320767,"Si fa presente che 12 dei ricoveri NON UTI, non rientrano nei codici disciplina COVID e pertanto vengono collocati in ""Altra Struttura"". ",3,,,46713,0,722840,140485,ITI,ITI2
